return {
    {
        ["cframe"] = CFrame.new(165.370574951, 444.214569092, 70.720809937, 0.944546878, -0.046785668, 0.325026602, -0.000000114, 0.989798248, 0.142475978, -0.328376621, -0.134575263, 0.934910834),
        ["fov"] = 64.27631378173828
    },
    {
        ["cframe"] = CFrame.new(164.167236328, 443.350097656, 67.098358154, 0.944546521, -0.035141699, 0.326491922, -0.000000145, 0.994257271, 0.107016519, -0.328377694, -0.101082131, 0.939122200),
        ["fov"] = 60.11512756347656
    },
    {
        ["cframe"] = CFrame.new(163.264739990, 442.701751709, 64.381523132, 0.944546223, -0.026378427, 0.327317327, -0.000000146, 0.996768355, 0.080329753, -0.328378528, -0.075875215, 0.941493750),
        ["fov"] = 57.12582015991211
    },
    {
        ["cframe"] = CFrame.new(162.587860107, 442.215484619, 62.343894958, 0.944545984, -0.019793840, 0.327782035, -0.000000129, 0.998181641, 0.060277775, -0.328379154, -0.056935176, 0.942828476),
        ["fov"] = 55.146995544433594
    },
    {
        ["cframe"] = CFrame.new(162.080200195, 441.850799561, 60.815673828, 0.944545865, -0.014849612, 0.328043669, -0.000000109, 0.998977005, 0.045221183, -0.328379601, -0.042713519, 0.943579555),
        ["fov"] = 53.9260368347168
    },
    {
        ["cframe"] = CFrame.new(161.699462891, 441.577270508, 59.669509888, 0.944545746, -0.011138994, 0.328190953, -0.000000088, 0.999424517, 0.033921309, -0.328379959, -0.032040253, 0.944002151),
        ["fov"] = 53.14189529418945
    },
    {
        ["cframe"] = CFrame.new(161.413909912, 441.372131348, 58.809886932, 0.944545627, -0.008355000, 0.328273892, -0.000000070, 0.999676287, 0.025443269, -0.328380227, -0.024032352, 0.944239855),
        ["fov"] = 52.94852828979492
    },
    {
        ["cframe"] = CFrame.new(161.199737549, 441.218261719, 58.165168762, 0.944545567, -0.006266568, 0.328320593, -0.000000054, 0.999817908, 0.019083414, -0.328380376, -0.018025171, 0.944373548),
        ["fov"] = 53.066654205322266
    },
    {
        ["cframe"] = CFrame.new(161.039123535, 441.102874756, 57.681629181, 0.944545507, -0.004700061, 0.328346908, -0.000000041, 0.999897540, 0.014312968, -0.328380525, -0.013519263, 0.944448769),
        ["fov"] = 53.28683090209961
    },
    {
        ["cframe"] = CFrame.new(160.918655396, 441.016326904, 57.318977356, 0.944545448, -0.003525103, 0.328361720, -0.000000032, 0.999942362, 0.010734897, -0.328380615, -0.010139609, 0.944491029),
        ["fov"] = 53.71512222290039
    },
    {
        ["cframe"] = CFrame.new(160.828308105, 440.951416016, 57.046985626, 0.944545448, -0.002643851, 0.328370094, -0.000000024, 0.999967575, 0.008051245, -0.328380764, -0.007604775, 0.944514811),
        ["fov"] = 52.78634262084961
    },
    {
        ["cframe"] = CFrame.new(160.760543823, 440.902740479, 56.842994690, 0.944545388, -0.001982899, 0.328374863, -0.000000018, 0.999981761, 0.006038465, -0.328380823, -0.005703610, 0.944528222),
        ["fov"] = 49.58975601196289
    },
    {
        ["cframe"] = CFrame.new(160.709716797, 440.866241455, 56.689998627, 0.944545388, -0.001487178, 0.328377515, -0.000000014, 0.999989748, 0.004528861, -0.328380853, -0.004277720, 0.944535732),
        ["fov"] = 47.144412994384766
    },
    {
        ["cframe"] = CFrame.new(160.671600342, 440.838867188, 56.575252533, 0.944545388, -0.001115386, 0.328378975, -0.000000010, 0.999994218, 0.003396651, -0.328380883, -0.003208295, 0.944539964),
        ["fov"] = 48.21253204345703
    },
    {
        ["cframe"] = CFrame.new(160.643005371, 440.818328857, 56.489192963, 0.944545388, -0.000836540, 0.328379840, -0.000000008, 0.999996781, 0.002547491, -0.328380913, -0.002406223, 0.944542289),
        ["fov"] = 51.91574478149414
    },
    {
        ["cframe"] = CFrame.new(160.621566772, 440.802917480, 56.424648285, 0.944545388, -0.000627405, 0.328380376, -0.000000006, 0.999998152, 0.001910619, -0.328380972, -0.001804669, 0.944543660),
        ["fov"] = 55.989662170410156
    },
    {
        ["cframe"] = CFrame.new(160.605484009, 440.791381836, 56.376239777, 0.944545388, -0.000470554, 0.328380615, -0.000000004, 0.999998987, 0.001432965, -0.328380972, -0.001353502, 0.944544375),
        ["fov"] = 59.76222610473633
    },
    {
        ["cframe"] = CFrame.new(160.593429565, 440.782714844, 56.339935303, 0.944545329, -0.000352916, 0.328380853, -0.000000003, 0.999999404, 0.001074724, -0.328381032, -0.001015127, 0.944544792),
        ["fov"] = 63.83375930786133
    },
    {
        ["cframe"] = CFrame.new(160.560867310, 440.759307861, 56.241905212, 0.944545388, -0.000035292, 0.328380942, -0.000000000, 1.000000000, 0.000107472, -0.328380942, -0.000101513, 0.944545388),
        ["fov"] = 84.45845031738281
    },
    {
        ["cframe"] = CFrame.new(160.557617188, 440.756958008, 56.232101440, 0.944545388, -0.000003529, 0.328380942, -0.000000000, 1.000000000, 0.000010747, -0.328380942, -0.000010151, 0.944545388),
        ["fov"] = 86.75382995605469
    },
    {
        ["cframe"] = CFrame.new(160.557281494, 440.756744385, 56.231124878, 0.944545388, -0.000000353, 0.328380942, -0.000000000, 1.000000000, 0.000001075, -0.328380942, -0.000001015, 0.944545388),
        ["fov"] = 89.62236022949219
    },
    {
        ["cframe"] = CFrame.new(160.648406982, 440.742492676, 56.311485291, 0.941821456, 0.001254531, 0.336111248, -0.001539782, 0.999998629, 0.000582160, -0.336110055, -0.001065829, 0.941822112),
        ["fov"] = 89.9743423461914
    },
    {
        ["cframe"] = CFrame.new(160.931015015, 440.698394775, 56.560909271, 0.932963908, 0.005087549, 0.359933972, -0.006342598, 0.999977231, 0.002305927, -0.359914064, -0.004434263, 0.932974935),
        ["fov"] = 89.77069854736328
    },
    {
        ["cframe"] = CFrame.new(161.338806152, 440.634735107, 56.920833588, 0.919090569, 0.010464612, 0.393907368, -0.013346333, 0.999900460, 0.004577011, -0.393820286, -0.009463907, 0.919138730),
        ["fov"] = 89.59478759765625
    },
    {
        ["cframe"] = CFrame.new(161.684432983, 440.598327637, 56.980796814, 0.901409388, 0.016598593, 0.432649493, -0.021315645, 0.999754488, 0.006054797, -0.432442784, -0.014680055, 0.901541889),
        ["fov"] = 89.10382080078125
    },
    {
        ["cframe"] = CFrame.new(161.606033325, 440.700073242, 55.661598206, 0.877838314, 0.024306791, 0.478339940, -0.029951213, 0.999542654, 0.004174121, -0.478019685, -0.017991064, 0.878164828),
        ["fov"] = 88.44483184814453
    },
    {
        ["cframe"] = CFrame.new(161.485244751, 440.815643311, 54.204483032, 0.851424038, 0.032017164, 0.523499787, -0.038528971, 0.999256253, 0.001549462, -0.523060858, -0.021489156, 0.852024436),
        ["fov"] = 87.20197296142578
    },
    {
        ["cframe"] = CFrame.new(161.371490479, 440.922058105, 52.866096497, 0.825266302, 0.038880106, 0.563403845, -0.046208847, 0.998930991, -0.001249436, -0.562850118, -0.025003122, 0.826180696),
        ["fov"] = 86.25326538085938
    },
    {
        ["cframe"] = CFrame.new(160.895370483, 441.038085938, 51.289466858, 0.789539278, 0.046114251, 0.611965120, -0.054376811, 0.998507559, -0.005086558, -0.611286342, -0.029260667, 0.790868461),
        ["fov"] = 84.74675750732422
    },
    {
        ["cframe"] = CFrame.new(160.394302368, 441.144561768, 49.821533203, 0.753205419, 0.052502200, 0.655686736, -0.061645433, 0.998056591, -0.009102658, -0.654890418, -0.033563919, 0.754978180),
        ["fov"] = 83.74673461914062
    },
    {
        ["cframe"] = CFrame.new(160.344192505, 441.155212402, 49.674739838, 0.749434829, 0.053127076, 0.659943104, -0.062359218, 0.998008311, -0.009526717, -0.659134865, -0.034013882, 0.751255155),
        ["fov"] = 82.79802703857422
    },
    {
        ["cframe"] = CFrame.new(160.339172363, 441.156280518, 49.660060883, 0.749056399, 0.053189427, 0.660367668, -0.062430471, 0.998003423, -0.009569346, -0.659558237, -0.034059078, 0.750881493),
        ["fov"] = 81.93946838378906
    },
    {
        ["cframe"] = CFrame.new(159.429748535, 441.197357178, 47.042888641, 0.895373881, 0.021157958, 0.444812298, -0.056743272, 0.996149063, 0.066837102, -0.441685200, -0.085084304, 0.893126428),
        ["fov"] = 80.89617919921875
    },
    {
        ["cframe"] = CFrame.new(159.019470215, 441.205169678, 45.862609863, 0.799675047, 0.046918780, 0.598597109, -0.072563410, 0.997187018, 0.018777821, -0.596032202, -0.058452394, 0.800830185),
        ["fov"] = 80.40520477294922
    },
    {
        ["cframe"] = CFrame.new(158.596649170, 441.205932617, 44.646408081, 0.808069944, 0.052838530, 0.586712122, -0.077059224, 0.996892393, 0.016353710, -0.584024787, -0.058426514, 0.809630454),
        ["fov"] = 80.02565002441406
    },
    {
        ["cframe"] = CFrame.new(158.172576904, 441.206024170, 43.426612854, 0.819616914, 0.055769868, 0.570191085, -0.077533983, 0.996892154, 0.013945537, -0.567641318, -0.055639185, 0.821393728),
        ["fov"] = 79.5614013671875
    },
    {
        ["cframe"] = CFrame.new(157.850067139, 441.209503174, 42.508831024, 0.833559215, 0.053991821, 0.549785316, -0.077512927, 0.996798038, 0.019630706, -0.546965063, -0.058978818, 0.835075259),
        ["fov"] = 78.68421173095703
    },
    {
        ["cframe"] = CFrame.new(157.489227295, 441.223846436, 41.511558533, 0.842249393, 0.050998885, 0.536670327, -0.076744370, 0.996718884, 0.025725944, -0.533597469, -0.062854089, 0.843399763),
        ["fov"] = 77.80701446533203
    },
    {
        ["cframe"] = CFrame.new(157.083480835, 441.240997314, 40.393142700, 0.851144910, 0.047592878, 0.522768855, -0.075713299, 0.996598482, 0.032542095, -0.519441843, -0.067278594, 0.851853073),
        ["fov"] = 76.92982482910156
    },
    {
        ["cframe"] = CFrame.new(156.771163940, 441.257415771, 39.541454315, 0.855505705, 0.045724802, 0.515770614, -0.074783906, 0.996560693, 0.035695165, -0.512364566, -0.069108754, 0.855982780),
        ["fov"] = 76.05264282226562
    },
    {
        ["cframe"] = CFrame.new(156.441284180, 441.286041260, 38.673683167, 0.851926982, 0.046305027, 0.521609366, -0.073556513, 0.996788740, 0.031649087, -0.518468797, -0.065330476, 0.852597237),
        ["fov"] = 75.1754379272461
    },
    {
        ["cframe"] = CFrame.new(156.176010132, 441.309844971, 37.978214264, 0.848408222, 0.046983872, 0.527253270, -0.072525606, 0.996977329, 0.027860371, -0.524350524, -0.061876327, 0.849251330),
        ["fov"] = 74.29824829101562
    },
    {
        ["cframe"] = CFrame.new(155.884002686, 441.336181641, 37.213020325, 0.844403207, 0.047785953, 0.533572614, -0.071357802, 0.997171044, 0.023621885, -0.530934393, -0.058020964, 0.845424294),
        ["fov"] = 73.4210433959961
    },
    {
        ["cframe"] = CFrame.new(155.471954346, 441.358642578, 35.259632111, 0.826047301, 0.055485360, 0.560862899, -0.078310885, 0.996788681, 0.016726593, -0.558133721, -0.057738625, 0.827739716),
        ["fov"] = 72.54386138916016
    },
    {
        ["cframe"] = CFrame.new(155.061538696, 441.377014160, 33.077522278, 0.803166211, 0.064869747, 0.592212737, -0.087319121, 0.996136904, 0.009308524, -0.589321077, -0.059187792, 0.805727899),
        ["fov"] = 71.66666412353516
    },
    {
        ["cframe"] = CFrame.new(154.598526001, 441.397277832, 30.588714600, 0.775372744, 0.075557135, 0.626967490, -0.097387530, 0.995246410, 0.000500293, -0.623949349, -0.061446726, 0.779045284),
        ["fov"] = 70.78947448730469
    },
    {
        ["cframe"] = CFrame.new(154.278701782, 441.319763184, 28.323575974, 0.748274088, 0.085448235, 0.657863557, -0.106957600, 0.994235456, -0.007481888, -0.654710591, -0.064764999, 0.753099978),
        ["fov"] = 70.35087585449219
    },
    {
        ["cframe"] = CFrame.new(154.062286377, 441.173675537, 26.233404160, 0.721768975, 0.094628617, 0.685634792, -0.116070211, 0.993129551, -0.014880512, -0.682332337, -0.068841472, 0.727793634),
        ["fov"] = 69.47368621826172
    },
    {
        ["cframe"] = CFrame.new(153.840576172, 440.962310791, 23.872774124, 0.691374779, 0.104530185, 0.714894652, -0.125913233, 0.991768897, -0.023243368, -0.711439967, -0.073944829, 0.698845744),
        ["fov"] = 68.15789031982422
    },
    {
        ["cframe"] = CFrame.new(153.644302368, 440.600372314, 21.292625427, 0.660077214, 0.114134498, 0.742476583, -0.135723382, 0.990243971, -0.031560697, -0.738835096, -0.079938926, 0.669128180),
        ["fov"] = 67.28070068359375
    },
    {
        ["cframe"] = CFrame.new(153.431228638, 440.185485840, 18.430080414, 0.624293566, 0.124367319, 0.771226645, -0.146128982, 0.988411367, -0.041101649, -0.767400861, -0.087039053, 0.635232449),
        ["fov"] = 65.96491241455078
    },
    {
        ["cframe"] = CFrame.new(153.295379639, 439.967651367, 16.230342865, 0.598101079, 0.131422073, 0.790571511, -0.153540403, 0.986980081, -0.047912531, -0.786575139, -0.092728131, 0.610492468),
        ["fov"] = 65.08772277832031
    },
    {
        ["cframe"] = CFrame.new(153.211181641, 439.867401123, 14.595212936, 0.579572916, 0.136201203, 0.803457737, -0.158744365, 0.985916436, -0.052621394, -0.799309254, -0.097046465, 0.593031645),
        ["fov"] = 63.77192687988281
    },
    {
        ["cframe"] = CFrame.new(152.773834229, 439.822998047, 11.988876343, 0.513990819, 0.128466517, 0.848121345, -0.163954258, 0.985206604, -0.049869128, -0.841981232, -0.113420837, 0.527449787),
        ["fov"] = 62.894737243652344
    },
    {
        ["cframe"] = CFrame.new(152.149353027, 439.792388916, 8.704558372, 0.417619109, 0.113311015, 0.901529193, -0.170475319, 0.984345257, -0.044749971, -0.892486691, -0.135000020, 0.430398166),
        ["fov"] = 62.456138610839844
    },
    {
        ["cframe"] = CFrame.new(151.589126587, 439.766906738, 5.784399986, 0.326990128, 0.097906917, 0.939942420, -0.176825106, 0.983391345, -0.040918197, -0.928337395, -0.152825564, 0.338871658),
        ["fov"] = 61.578948974609375
    },
    {
        ["cframe"] = CFrame.new(150.952377319, 439.738220215, 2.468706608, 0.220216811, 0.078675359, 0.972273111, -0.184591621, 0.982093513, -0.037660591, -0.957826018, -0.171179950, 0.230796337),
        ["fov"] = 60.70175552368164
    },
    {
        ["cframe"] = CFrame.new(150.408935547, 439.740875244, 0.103770256, 0.176139474, 0.043336764, 0.983411014, -0.190441892, 0.981655836, -0.009149179, -0.965767682, -0.185671076, 0.181161523),
        ["fov"] = 60.263153076171875
    },
    {
        ["cframe"] = CFrame.new(149.815917969, 439.780273438, -1.853573680, 0.157570004, -0.009099074, 0.987465918, -0.188338131, 0.981325746, 0.039095625, -0.969381511, -0.192137778, 0.152913809),
        ["fov"] = 59.385963439941406
    },
    {
        ["cframe"] = CFrame.new(149.237182617, 439.821960449, -3.708669186, 0.063153028, -0.030535862, 0.997536600, -0.174339160, 0.983825326, 0.041153386, -0.982658446, -0.176508650, 0.056807995),
        ["fov"] = 58.94736862182617
    },
    {
        ["cframe"] = CFrame.new(148.775299072, 439.855499268, -5.184804916, 0.035698414, -0.013734668, 0.999268353, -0.185910851, 0.982360125, 0.020143874, -0.981918037, -0.186493903, 0.032515287),
        ["fov"] = 58.07017517089844
    },
    {
        ["cframe"] = CFrame.new(148.325088501, 439.888183594, -6.623040676, 0.014600277, 0.006455161, 0.999872744, -0.199504524, 0.979890943, -0.003412940, -0.979788244, -0.199429274, 0.015594482),
        ["fov"] = 57.19298553466797
    },
    {
        ["cframe"] = CFrame.new(147.731430054, 439.944366455, -8.289421082, -0.004087090, 0.001691908, 0.999990225, -0.204775959, 0.978805721, -0.002493016, -0.978800297, -0.204784155, -0.003654003),
        ["fov"] = 56.3157844543457
    },
    {
        ["cframe"] = CFrame.new(147.099319458, 440.006835938, -10.017257690, -0.022172332, -0.009749882, 0.999706686, -0.207993954, 0.978117704, 0.004926279, -0.977878869, -0.207823694, -0.023715138),
        ["fov"] = 55.438594818115234
    },
    {
        ["cframe"] = CFrame.new(146.299713135, 440.086212158, -12.197299004, -0.044804692, -0.024997711, 0.998683035, -0.211971492, 0.977161527, 0.014949203, -0.976248324, -0.211022526, -0.049080133),
        ["fov"] = 54.89796447753906
    },
    {
        ["cframe"] = CFrame.new(145.810653687, 440.134765625, -13.530449867, -0.058613539, -0.034361646, 0.997689188, -0.214502841, 0.976496935, 0.021029852, -0.974963009, -0.212774515, -0.064606667),
        ["fov"] = 54.79591751098633
    },
    {
        ["cframe"] = CFrame.new(145.044448853, 440.216552734, -15.517948151, -0.072656155, -0.047929324, 0.996204734, -0.218018770, 0.975451171, 0.031030081, -0.973236322, -0.214936793, -0.081322074),
        ["fov"] = 54.591835021972656
    },
    {
        ["cframe"] = CFrame.new(144.145996094, 440.321624756, -17.687473297, -0.077067733, -0.062069088, 0.995092094, -0.221270919, 0.974235833, 0.043631256, -0.972162545, -0.216822356, -0.088816166),
        ["fov"] = 54.38775634765625
    },
    {
        ["cframe"] = CFrame.new(143.234329224, 440.429046631, -19.875194550, -0.080513835, -0.076249398, 0.993832886, -0.224533647, 0.972830057, 0.056447819, -0.971134603, -0.218604073, -0.095446825),
        ["fov"] = 54.18367385864258
    },
    {
        ["cframe"] = CFrame.new(142.218597412, 440.548797607, -22.311096191, -0.084235191, -0.092007674, 0.992188990, -0.228212416, 0.971043050, 0.070671894, -0.969960511, -0.220476776, -0.102793336),
        ["fov"] = 53.979591369628906
    },
    {
        ["cframe"] = CFrame.new(142.117034912, 440.560760498, -22.554687500, -0.084604025, -0.093582757, 0.992010295, -0.228583127, 0.970851421, 0.072091907, -0.969841182, -0.220657557, -0.103529453),
        ["fov"] = 53.775508880615234
    },
    {
        ["cframe"] = CFrame.new(142.106872559, 440.561981201, -22.579046249, -0.084640861, -0.093740255, 0.991992235, -0.228620201, 0.970832169, 0.072233878, -0.969829202, -0.220675528, -0.103603005),
        ["fov"] = 53.57143020629883
    },
    {
        ["cframe"] = CFrame.new(140.485870361, 440.702728271, -26.910734177, -0.095212579, -0.111810312, 0.989157856, -0.237925991, 0.967428148, 0.086452246, -0.966605365, -0.227115005, -0.118713975),
        ["fov"] = 53.367347717285156
    },
    {
        ["cframe"] = CFrame.new(139.856643677, 440.747863770, -28.658630371, -0.100406408, -0.117951691, 0.987930238, -0.238378823, 0.966879547, 0.091211222, -0.965968072, -0.226343423, -0.125198126),
        ["fov"] = 53.163265228271484
    },
    {
        ["cframe"] = CFrame.new(139.495834351, 440.765930176, -29.702953339, -0.104494095, -0.121052422, 0.987130821, -0.233337134, 0.967843115, 0.093986928, -0.966765106, -0.220513195, -0.129379988),
        ["fov"] = 52.95918655395508
    },
    {
        ["cframe"] = CFrame.new(139.062576294, 440.785827637, -30.966766357, -0.096181273, -0.128025174, 0.987096250, -0.217042536, 0.970528007, 0.104728013, -0.971412361, -0.204168975, -0.121133566),
        ["fov"] = 52.755104064941406
    },
    {
        ["cframe"] = CFrame.new(138.721359253, 440.801391602, -31.962770462, -0.019177079, -0.154546067, 0.987799585, -0.153251097, 0.976760447, 0.149843767, -0.988001287, -0.148507819, -0.042415738),
        ["fov"] = 52.65306091308594
    },
    {
        ["cframe"] = CFrame.new(138.339752197, 440.818786621, -33.076759338, -0.082191825, -0.140185028, 0.986708045, -0.188868642, 0.974307775, 0.122690707, -0.978556752, -0.176274031, -0.106556773),
        ["fov"] = 52.448978424072266
    },
    {
        ["cframe"] = CFrame.new(137.922760010, 440.833160400, -34.317237854, -0.120540142, -0.134514734, 0.983552694, -0.200551495, 0.973647356, 0.108581275, -0.972239256, -0.184164554, -0.144340754),
        ["fov"] = 52.24489974975586
    },
    {
        ["cframe"] = CFrame.new(137.433776855, 440.847534180, -35.784103394, -0.130912781, -0.137018412, 0.981879771, -0.188271284, 0.975816250, 0.111070320, -0.973352849, -0.170319244, -0.153543472),
        ["fov"] = 52.04081726074219
    },
    {
        ["cframe"] = CFrame.new(137.049423218, 440.858673096, -36.937904358, -0.136922956, -0.139480948, 0.980712593, -0.176990241, 0.977550626, 0.114320606, -0.974641740, -0.157923430, -0.158535957),
        ["fov"] = 51.93877410888672
    },
    {
        ["cframe"] = CFrame.new(136.675521851, 440.869506836, -38.060401917, -0.142552018, -0.141883507, 0.979565322, -0.165819719, 0.979108632, 0.117686346, -0.975798666, -0.145654812, -0.163100958),
        ["fov"] = 51.73469543457031
    },
    {
        ["cframe"] = CFrame.new(136.190841675, 440.883544922, -39.515476227, -0.149901628, -0.144907936, 0.978024304, -0.151333049, 0.980907738, 0.122140415, -0.977050722, -0.129698366, -0.168969035),
        ["fov"] = 51.53061294555664
    },
    {
        ["cframe"] = CFrame.new(135.806915283, 440.894653320, -40.668098450, -0.155788779, -0.147222131, 0.976757705, -0.139874697, 0.982154787, 0.125726193, -0.977836907, -0.117036961, -0.173601389),
        ["fov"] = 51.42856979370117
    },
    {
        ["cframe"] = CFrame.new(135.339569092, 440.903259277, -42.095893860, -0.163517118, -0.149523795, 0.975143433, -0.121953346, 0.983929694, 0.130421251, -0.978973627, -0.097595885, -0.179124236),
        ["fov"] = 51.2244873046875
    },
    {
        ["cframe"] = CFrame.new(134.857604980, 440.910949707, -43.574127197, -0.171731949, -0.151642591, 0.973402858, -0.102563411, 0.985464513, 0.135426983, -0.979790449, -0.076578379, -0.184788704),
        ["fov"] = 51.02040481567383
    },
    {
        ["cframe"] = CFrame.new(134.249847412, 440.920501709, -45.438957214, -0.182301998, -0.154062629, 0.971097767, -0.078060776, 0.986798406, 0.141899347, -0.980139077, -0.049936112, -0.191921592),
        ["fov"] = 50.81632614135742
    },
    {
        ["cframe"] = CFrame.new(133.753860474, 440.928314209, -46.960891724, -0.191079140, -0.155832872, 0.969125748, -0.058122393, 0.987381399, 0.147308528, -0.979852200, -0.028180316, -0.197725415),
        ["fov"] = 50.61224365234375
    },
    {
        ["cframe"] = CFrame.new(133.176605225, 440.934967041, -48.702453613, -0.200162530, -0.155215263, 0.967389822, -0.039879773, 0.987844050, 0.150245562, -0.978950739, -0.008505762, -0.203919291),
        ["fov"] = 50.408164978027344
    },
    {
        ["cframe"] = CFrame.new(132.607192993, 440.940032959, -50.402172089, -0.208370209, -0.152959645, 0.966015279, -0.024916619, 0.988204598, 0.151098609, -0.977732718, 0.007414602, -0.209723592),
        ["fov"] = 50.20408248901367
    },
    {
        ["cframe"] = CFrame.new(132.038574219, 440.944915771, -52.097690582, -0.216497421, -0.150436461, 0.964623153, -0.010309525, 0.988353848, 0.151823521, -0.976228774, 0.022924587, -0.215526938),
        ["fov"] = 50
    },
    {
        ["cframe"] = CFrame.new(131.591705322, 440.948059082, -53.421867371, -0.218831062, -0.157774895, 0.962922871, 0.000501081, 0.986822665, 0.161804780, -0.975762784, 0.035890400, -0.215868354),
        ["fov"] = 49.79591751098633
    },
    {
        ["cframe"] = CFrame.new(131.221847534, 440.949859619, -54.507476807, -0.215811491, -0.175806597, 0.960477889, 0.008692041, 0.983272672, 0.181932032, -0.976396501, 0.047611512, -0.210673451),
        ["fov"] = 49.591835021972656
    },
    {
        ["cframe"] = CFrame.new(130.859695435, 440.951507568, -55.569259644, -0.216996551, -0.178674966, 0.959681034, 0.015628330, 0.982344270, 0.186428219, -0.976047277, 0.055452488, -0.210372925),
        ["fov"] = 49.48979187011719
    },
    {
        ["cframe"] = CFrame.new(130.444107056, 440.953369141, -56.787544250, -0.224116206, -0.161244512, 0.961130738, 0.022307411, 0.985110462, 0.170469120, -0.974307179, 0.059645206, -0.217182279),
        ["fov"] = 49.285709381103516
    },
    {
        ["cframe"] = CFrame.new(130.131561279, 440.954772949, -57.703746796, -0.229797006, -0.146812588, 0.962101698, 0.027328126, 0.987193584, 0.157168821, -0.972854972, 0.062409341, -0.222842097),
        ["fov"] = 49.18367385864258
    },
    {
        ["cframe"] = CFrame.new(129.775131226, 440.956390381, -58.748615265, -0.236204147, -0.139044523, 0.961703897, 0.033136122, 0.987980962, 0.150982261, -0.971138358, 0.067529753, -0.228757739),
        ["fov"] = 48.979591369628906
    },
    {
        ["cframe"] = CFrame.new(129.414306641, 440.958007812, -59.806343079, -0.242640495, -0.133699507, 0.960858941, 0.039038673, 0.988309622, 0.147377372, -0.969330430, 0.073270380, -0.234584570),
        ["fov"] = 48.8775520324707
    },
    {
        ["cframe"] = CFrame.new(129.053054810, 440.959625244, -60.865367889, -0.249056935, -0.128568217, 0.959917188, 0.044958863, 0.988546014, 0.144067556, -0.967444777, 0.079037800, -0.240423918),
        ["fov"] = 48.67346954345703
    },
    {
        ["cframe"] = CFrame.new(128.637573242, 440.961517334, -62.083389282, -0.256402850, -0.122657277, 0.958755910, 0.051779442, 0.988748252, 0.140341848, -0.965182126, 0.085627891, -0.247166753),
        ["fov"] = 48.571434020996094
    },
    {
        ["cframe"] = CFrame.new(128.327697754, 440.962677002, -62.988922119, -0.261416316, -0.118939266, 0.957869947, 0.056499142, 0.988791704, 0.138198256, -0.963571131, 0.090246111, -0.251766324),
        ["fov"] = 48.36735153198242
    },
    {
        ["cframe"] = CFrame.new(127.987480164, 440.962799072, -63.968917847, -0.264707088, -0.118418872, 0.957030475, 0.059803888, 0.988505363, 0.138854727, -0.962472737, 0.093989946, -0.254582405),
        ["fov"] = 48.26530456542969
    },
    {
        ["cframe"] = CFrame.new(127.644241333, 440.962799072, -64.956344604, -0.267826557, -0.118208431, 0.956187963, 0.062960394, 0.988176346, 0.139798060, -0.961407661, 0.097643621, -0.257217407),
        ["fov"] = 48.06122589111328
    },
    {
        ["cframe"] = CFrame.new(127.249160767, 440.962799072, -66.092758179, -0.271393895, -0.117989801, 0.955208838, 0.066565417, 0.987779856, 0.140925616, -0.960163772, 0.101830214, -0.260223389),
        ["fov"] = 47.95917892456055
    },
    {
        ["cframe"] = CFrame.new(126.951965332, 440.962799072, -66.947593689, -0.274075985, -0.117817603, 0.954463959, 0.069270097, 0.987471104, 0.141782999, -0.959210157, 0.104975119, -0.262480974),
        ["fov"] = 47.755096435546875
    },
    {
        ["cframe"] = CFrame.new(126.664566040, 440.962799072, -67.774253845, -0.276668787, -0.117643200, 0.953737199, 0.071880586, 0.987164259, 0.142618194, -0.958273351, 0.108013168, -0.264661312),
        ["fov"] = 47.65306091308594
    },
    {
        ["cframe"] = CFrame.new(126.326599121, 440.962799072, -68.746368408, -0.279717922, -0.117427841, 0.952874005, 0.074943945, 0.986792862, 0.143607780, -0.957152903, 0.111581787, -0.267223239),
        ["fov"] = 47.551021575927734
    },
    {
        ["cframe"] = CFrame.new(125.983589172, 440.962799072, -69.733009338, -0.282812119, -0.117197841, 0.951988637, 0.078046218, 0.986404479, 0.144620299, -0.955995023, 0.115199447, -0.269820213),
        ["fov"] = 47.34693908691406
    },
    {
        ["cframe"] = CFrame.new(125.640068054, 440.962799072, -70.721115112, -0.285910130, -0.116955981, 0.951092362, 0.081145957, 0.986003876, 0.145642534, -0.954814434, 0.118817993, -0.272418022),
        ["fov"] = 47.244903564453125
    },
    {
        ["cframe"] = CFrame.new(125.296493530, 440.962799072, -71.709350586, -0.289008379, -0.116702527, 0.950186551, 0.084238961, 0.985591590, 0.146673083, -0.953612983, 0.122432500, -0.275013328),
        ["fov"] = 47.04082107543945
    },
    {
        ["cframe"] = CFrame.new(124.952919006, 440.962799072, -72.697608948, -0.292105913, -0.116437569, 0.949271500, 0.087324783, 0.985167801, 0.147711843, -0.952390969, 0.126042426, -0.277605414),
        ["fov"] = 46.93877410888672
    },
    {
        ["cframe"] = CFrame.new(124.609344482, 440.962799072, -73.685867310, -0.295202374, -0.116161078, 0.948346913, 0.090403289, 0.984732509, 0.148758709, -0.951147974, 0.129647642, -0.280194044),
        ["fov"] = 46.73469543457031
    },
    {
        ["cframe"] = CFrame.new(124.265762329, 440.962799072, -74.674140930, -0.298298359, -0.115873106, 0.947413027, 0.093474440, 0.984285712, 0.149813756, -0.949884474, 0.133248106, -0.282779574),
        ["fov"] = 46.63265609741211
    },
    {
        ["cframe"] = CFrame.new(123.922180176, 440.962799072, -75.662399292, -0.301393986, -0.115573548, 0.946469724, 0.096538104, 0.983827531, 0.150876909, -0.948600352, 0.136843711, -0.285362363),
        ["fov"] = 46.42857360839844
    },
    {
        ["cframe"] = CFrame.new(123.630134583, 440.962799072, -76.502410889, -0.304023981, -0.115309857, 0.945660174, 0.099136300, 0.983429074, 0.151786953, -0.947492182, 0.139896125, -0.287554622),
        ["fov"] = 46.32653045654297
    },
    {
        ["cframe"] = CFrame.new(123.291717529, 440.962799072, -77.475837708, -0.307070613, -0.114993893, 0.944713593, 0.102140270, 0.982957065, 0.152848795, -0.946189642, 0.143428698, -0.290091753),
        ["fov"] = 46.224491119384766
    },
    {
        ["cframe"] = CFrame.new(122.948654175, 440.962799072, -78.462623596, -0.310158253, -0.114662208, 0.943744838, 0.105177902, 0.982467413, 0.153933227, -0.944848835, 0.147004783, -0.292660475),
        ["fov"] = 46.020408630371094
    },
    {
        ["cframe"] = CFrame.new(122.605125427, 440.962799072, -79.450744629, -0.313249111, -0.114318557, 0.942765117, 0.108211927, 0.981965780, 0.155027151, -0.943485498, 0.150580555, -0.295229197),
        ["fov"] = 45.918365478515625
    },
    {
        ["cframe"] = CFrame.new(122.261550903, 440.962799072, -80.438995361, -0.316339016, -0.113963380, 0.941776037, 0.111238614, 0.981452823, 0.156129271, -0.942101717, 0.154151618, -0.297794700),
        ["fov"] = 45.71428680419922
    },
    {
        ["cframe"] = CFrame.new(121.969505310, 440.962799072, -81.279006958, -0.318964601, -0.113652371, 0.940927744, 0.113805138, 0.981007993, 0.157072335, -0.940909266, 0.157182902, -0.299972653),
        ["fov"] = 45.61224365234375
    },
    {
        ["cframe"] = CFrame.new(121.631088257, 440.962799072, -82.252433777, -0.322005510, -0.113281615, 0.939935982, 0.116772093, 0.980482399, 0.158172354, -0.939508736, 0.160690680, -0.302492619),
        ["fov"] = 45.408164978027344
    },
    {
        ["cframe"] = CFrame.new(121.339561462, 440.962799072, -83.090972900, -0.324624181, -0.112953313, 0.939074636, 0.119321831, 0.980021000, 0.159126192, -0.938286662, 0.163708270, -0.304660678),
        ["fov"] = 45.306121826171875
    },
    {
        ["cframe"] = CFrame.new(121.001190186, 440.962799072, -84.064262390, -0.327662468, -0.112561822, 0.938065946, 0.122273907, 0.979475439, 0.160240442, -0.936849535, 0.167205691, -0.307173967),
        ["fov"] = 45.10204315185547
    },
    {
        ["cframe"] = CFrame.new(120.658126831, 440.962799072, -85.051017761, -0.330740452, -0.112153560, 0.937033772, 0.125258878, 0.978911340, 0.161377907, -0.935372114, 0.170745999, -0.309717298),
        ["fov"] = 45
    },
    {
        ["cframe"] = CFrame.new(120.391510010, 440.962799072, -85.797203064, -0.332963943, -0.111717790, 0.936298192, 0.127314493, 0.978537858, 0.162033036, -0.934305131, 0.173155472, -0.311594486),
        ["fov"] = 45
    },
    {
        ["cframe"] = CFrame.new(120.048477173, 440.962799072, -86.745559692, -0.335727215, -0.111087285, 0.935385823, 0.129808366, 0.978091180, 0.162749633, -0.932972074, 0.176060423, -0.313951731),
        ["fov"] = 45
    },
    {
        ["cframe"] = CFrame.new(119.743003845, 440.962829590, -87.589340210, -0.338180423, -0.110514730, 0.934569657, 0.132015079, 0.977689922, 0.163384333, -0.931775749, 0.178630665, -0.316046000),
        ["fov"] = 45
    },
    {
        ["cframe"] = CFrame.new(119.486473083, 440.962829590, -88.297805786, -0.340237975, -0.110028625, 0.933880150, 0.133864060, 0.977348745, 0.163920388, -0.930762470, 0.180784896, -0.317802310),
        ["fov"] = 45
    },
    {
        ["cframe"] = CFrame.new(119.189651489, 440.962829590, -89.117576599, -0.342617035, -0.109460361, 0.933076560, 0.135999516, 0.976948857, 0.164544836, -0.929579198, 0.183273837, -0.319832683),
        ["fov"] = 45
    },
    {
        ["cframe"] = CFrame.new(118.888793945, 440.962829590, -89.948478699, -0.345026612, -0.108878203, 0.932256579, 0.138159901, 0.976538062, 0.165182576, -0.928368807, 0.185792848, -0.321888924),
        ["fov"] = 45
    },
    {
        ["cframe"] = CFrame.new(118.587532043, 440.962829590, -90.780494690, -0.347437263, -0.108289033, 0.931429625, 0.140318990, 0.976121068, 0.165825993, -0.927145243, 0.188311338, -0.323945761),
        ["fov"] = 45
    },
    {
        ["cframe"] = CFrame.new(118.286239624, 440.962829590, -91.612617493, -0.349846005, -0.107693508, 0.930596352, 0.142474130, 0.975698411, 0.166474313, -0.925909638, 0.190826327, -0.326000690),
        ["fov"] = 45
    },
    {
        ["cframe"] = CFrame.new(117.984931946, 440.962829590, -92.444755554, -0.352253437, -0.107091777, 0.929757535, 0.144625127, 0.975270212, 0.167127565, -0.924662769, 0.193337545, -0.328054070),
        ["fov"] = 45
    },
    {
        ["cframe"] = CFrame.new(117.696311951, 440.962829590, -93.230041504, -0.354471684, -0.106450424, 0.928987801, 0.146526471, 0.974901557, 0.167621315, -0.923515022, 0.195538282, -0.329977155),
        ["fov"] = 45
    },
    {
        ["cframe"] = CFrame.new(117.473190308, 440.962829590, -93.815559387, -0.356028199, -0.105843745, 0.928461432, 0.147711366, 0.974699497, 0.167756319, -0.922726870, 0.196870357, -0.331386209),
        ["fov"] = 45
    },
    {
        ["cframe"] = CFrame.new(117.217758179, 440.962829590, -94.482521057, -0.357784867, -0.105130240, 0.927867353, 0.149022713, 0.974479556, 0.167874575, -0.921836436, 0.198336273, -0.332987309),
        ["fov"] = 45
    },
    {
        ["cframe"] = CFrame.new(116.959106445, 440.962829590, -95.157592773, -0.359560013, -0.104403645, 0.927263081, 0.150345445, 0.974255860, 0.167993397, -0.920930564, 0.199813455, -0.334606886),
        ["fov"] = 45
    },
    {
        ["cframe"] = CFrame.new(116.701049805, 440.962829590, -95.813011169, -0.361223936, -0.103930734, 0.926669002, 0.151464045, 0.974032283, 0.168284819, -0.920095444, 0.201145574, -0.336102009),
        ["fov"] = 45
    },
    {
        ["cframe"] = CFrame.new(116.485610962, 440.962829590, -96.283149719, -0.362166286, -0.104619756, 0.926223636, 0.151547268, 0.973850965, 0.169256508, -0.919711351, 0.201665670, -0.336841226),
        ["fov"] = 45
    },
    {
        ["cframe"] = CFrame.new(116.236495972, 440.962829590, -96.815673828, -0.363191962, -0.105571464, 0.925714076, 0.151520029, 0.973641038, 0.170484126, -0.919311464, 0.202182651, -0.337622404),
        ["fov"] = 45
    },
    {
        ["cframe"] = CFrame.new(115.984016418, 440.962829590, -97.354446411, -0.364224792, -0.106548533, 0.925195932, 0.151480451, 0.973426998, 0.171736762, -0.918909073, 0.202699915, -0.338406205),
        ["fov"] = 45
    },
    {
        ["cframe"] = CFrame.new(115.731216431, 440.962829590, -97.893821716, -0.365259409, -0.107527159, 0.924674690, 0.151438221, 0.973211408, 0.172991514, -0.918505251, 0.203217894, -0.339190841),
        ["fov"] = 45
    },
    {
        ["cframe"] = CFrame.new(115.483917236, 440.962829590, -98.310501099, -0.365599632, -0.109464802, 0.924312949, 0.150164247, 0.973114431, 0.174639747, -0.918579102, 0.202646986, -0.339332581),
        ["fov"] = 45
    },
    {
        ["cframe"] = CFrame.new(115.274169922, 440.962829590, -98.654457092, -0.365830064, -0.111191452, 0.924015820, 0.148978382, 0.973038375, 0.176073089, -0.918680727, 0.202071145, -0.339401603),
        ["fov"] = 45
    },
    {
        ["cframe"] = CFrame.new(115.031181335, 440.962829590, -99.051574707, -0.366087198, -0.113203220, 0.923669636, 0.147589162, 0.972947359, 0.177738100, -0.918802440, 0.201391220, -0.339476109),
        ["fov"] = 45
    },
    {
        ["cframe"] = CFrame.new(114.784866333, 440.962829590, -99.454032898, -0.366345644, -0.115243070, 0.923314810, 0.146179035, 0.972850502, 0.179425597, -0.918924809, 0.200700998, -0.339553356),
        ["fov"] = 45
    },
    {
        ["cframe"] = CFrame.new(114.582412720, 440.962829590, -99.769607544, -0.366420507, -0.117853761, 0.922955453, 0.144942552, 0.972606421, 0.181737095, -0.919090807, 0.200367659, -0.339300871),
        ["fov"] = 45
    },
    {
        ["cframe"] = CFrame.new(114.393188477, 440.962829590, -100.059013367, -0.366439581, -0.120634198, 0.922588646, 0.143758446, 0.972312212, 0.184234753, -0.919269264, 0.200140759, -0.338951588),
        ["fov"] = 45
    },
    {
        ["cframe"] = CFrame.new(114.222450256, 440.962829590, -100.297325134, -0.366244912, -0.122048832, 0.922479928, 0.142594337, 0.972290337, 0.185252100, -0.919528186, 0.199387968, -0.338692904),
        ["fov"] = 45
    },
    {
        ["cframe"] = CFrame.new(114.019882202, 440.962860107, -100.570755005, -0.365927100, -0.123265482, 0.922443867, 0.141174272, 0.972366333, 0.185939446, -0.919873357, 0.198265657, -0.338413358),
        ["fov"] = 45
    },
    {
        ["cframe"] = CFrame.new(113.814132690, 440.962860107, -100.847694397, -0.365596652, -0.124462008, 0.922414601, 0.139728516, 0.972449780, 0.186594293, -0.920225799, 0.197105810, -0.338133454),
        ["fov"] = 45
    },
    {
        ["cframe"] = CFrame.new(113.638992310, 440.962860107, -101.083389282, -0.365313172, -0.125476986, 0.922389209, 0.138497293, 0.972519398, 0.187148422, -0.920524180, 0.196116179, -0.337895989),
        ["fov"] = 45
    },
    {
        ["cframe"] = CFrame.new(113.405067444, 440.962860107, -101.398162842, -0.364934444, -0.126831561, 0.922353983, 0.136852682, 0.972609460, 0.187888652, -0.920920491, 0.194793612, -0.337581396),
        ["fov"] = 45
    },
    {
        ["cframe"] = CFrame.new(113.258010864, 440.962860107, -101.596038818, -0.364694953, -0.127682611, 0.922331095, 0.135818616, 0.972664416, 0.188353941, -0.921168208, 0.193961486, -0.337384105),
        ["fov"] = 45
    },
    {
        ["cframe"] = CFrame.new(113.041267395, 440.962860107, -101.857185364, -0.364067793, -0.127396658, 0.922618628, 0.134165749, 0.973095596, 0.187308773, -0.921658635, 0.191976860, -0.337180495),
        ["fov"] = 45
    },
    {
        ["cframe"] = CFrame.new(112.851226807, 440.962860107, -102.084419250, -0.363503456, -0.127057627, 0.922887743, 0.132707968, 0.973490059, 0.186294734, -0.922092140, 0.190193295, -0.337005377),
        ["fov"] = 45
    },
    {
        ["cframe"] = CFrame.new(112.636993408, 440.967712402, -102.303283691, -0.362376451, -0.124232464, 0.923715174, 0.130984038, 0.974452794, 0.182441741, -0.922782004, 0.187104523, -0.336846352),
        ["fov"] = 45
    },
    {
        ["cframe"] = CFrame.new(112.421707153, 440.974060059, -102.512268066, -0.361110687, -0.120667845, 0.924682856, 0.129220963, 0.975551009, 0.177769825, -0.923526406, 0.183682993, -0.336689115),
        ["fov"] = 45
    },
    {
        ["cframe"] = CFrame.new(112.238632202, 440.979583740, -102.689079285, -0.360033274, -0.117569953, 0.925501943, 0.127713114, 0.976477385, 0.173727751, -0.924156904, 0.180746436, -0.336549044),
        ["fov"] = 45
    },
    {
        ["cframe"] = CFrame.new(112.052963257, 440.988800049, -102.841453552, -0.354330420, -0.114051886, 0.928139210, 0.126216397, 0.977618933, 0.168316975, -0.926563382, 0.176786169, -0.332004905),
        ["fov"] = 45
    },
    {
        ["cframe"] = CFrame.new(111.805641174, 441.018493652, -102.916534424, -0.324572325, -0.107402563, 0.939743519, 0.124138638, 0.980101287, 0.154890507, -0.937679529, 0.166931599, -0.304780960),
        ["fov"] = 45
    },
    {
        ["cframe"] = CFrame.new(111.590270996, 441.045410156, -102.973937988, -0.297035575, -0.101158388, 0.949492991, 0.121935420, 0.982213199, 0.142790169, -0.947048962, 0.158190578, -0.279417515),
        ["fov"] = 45
    },
    {
        ["cframe"] = CFrame.new(111.339988708, 441.076843262, -103.039527893, -0.264587760, -0.093476929, 0.959820747, 0.118893363, 0.984536111, 0.128658533, -0.957004786, 0.148157746, -0.249382377),
        ["fov"] = 45
    },
    {
