return {
    {
        ["cframe"] = CFrame.new(-11.207202911, 233.269271851, 48.531990051, -0.939069390, 0.000000000, -0.343727589, 0.000000000, 1.000000000, 0.000000000, 0.343727589, 0.000000000, -0.939069390),
        ["fov"] = 41.2238655090332
    },
    {
        ["cframe"] = CFrame.new(-11.207202911, 233.269271851, 48.531990051, -0.939069390, 0.000000000, -0.343727589, 0.000000000, 1.000000000, 0.000000000, 0.343727589, 0.000000000, -0.939069390),
        ["fov"] = 43.05664825439453
    },
    {
        ["cframe"] = CFrame.new(-11.207202911, 233.269271851, 48.531990051, -0.939069390, 0.000000000, -0.343727589, 0.000000000, 1.000000000, 0.000000000, 0.343727589, 0.000000000, -0.939069390),
        ["fov"] = 46.25416946411133
    },
    {
        ["cframe"] = CFrame.new(-11.207202911, 233.269271851, 48.531990051, -0.939069390, 0.000000000, -0.343727589, 0.000000000, 1.000000000, 0.000000000, 0.343727589, 0.000000000, -0.939069390),
        ["fov"] = 54.43167495727539
    },
    {
        ["cframe"] = CFrame.new(-11.207202911, 233.269271851, 48.531990051, -0.939069390, 0.000000000, -0.343727589, 0.000000000, 1.000000000, 0.000000000, 0.343727589, 0.000000000, -0.939069390),
        ["fov"] = 65.75240325927734
    },
    {
        ["cframe"] = CFrame.new(-11.207202911, 233.269271851, 48.531990051, -0.939069390, 0.000000000, -0.343727589, 0.000000000, 1.000000000, 0.000000000, 0.343727589, 0.000000000, -0.939069390),
        ["fov"] = 72.32037353515625
    },
    {
        ["cframe"] = CFrame.new(-11.207202911, 233.269271851, 48.531990051, -0.939069390, 0.000000000, -0.343727589, 0.000000000, 1.000000000, 0.000000000, 0.343727589, 0.000000000, -0.939069390),
        ["fov"] = 76.54939270019531
    },
    {
        ["cframe"] = CFrame.new(-11.207202911, 233.269271851, 48.531990051, -0.939069390, 0.000000000, -0.343727589, 0.000000000, 1.000000000, 0.000000000, 0.343727589, 0.000000000, -0.939069390),
        ["fov"] = 81.82188415527344
    },
    {
        ["cframe"] = CFrame.new(-11.207202911, 233.269271851, 48.531990051, -0.939069390, 0.000000000, -0.343727589, 0.000000000, 1.000000000, 0.000000000, 0.343727589, 0.000000000, -0.939069390),
        ["fov"] = 85.06307220458984
    },
    {
        ["cframe"] = CFrame.new(-11.207202911, 233.269271851, 48.531990051, -0.939069390, 0.000000000, -0.343727589, 0.000000000, 1.000000000, 0.000000000, 0.343727589, 0.000000000, -0.939069390),
        ["fov"] = 85.35621643066406
    },
    {
        ["cframe"] = CFrame.new(-11.743936539, 233.186676025, 48.073593140, -0.921628296, -0.007054707, -0.388009608, -0.009002252, 0.999954343, 0.003201826, 0.387969345, 0.006443860, -0.921649754),
        ["fov"] = 84.74181365966797
    },
    {
        ["cframe"] = CFrame.new(-12.340110779, 233.141983032, 48.235698700, -0.884860337, -0.019383240, -0.465452939, -0.024826856, 0.999676287, 0.005567350, 0.465194345, 0.016482057, -0.885055125),
        ["fov"] = 83.84886932373047
    },
    {
        ["cframe"] = CFrame.new(-12.205573082, 233.247375488, 49.558876038, -0.861786187, -0.026395056, -0.506584525, -0.032629222, 0.999461651, 0.003431936, 0.506221175, 0.019487057, -0.862183452),
        ["fov"] = 83.21894836425781
    },
    {
        ["cframe"] = CFrame.new(-12.085984230, 233.341064453, 50.735034943, -0.839625418, -0.032500844, -0.542192638, -0.039473027, 0.999219894, 0.001230317, 0.541729689, 0.022434989, -0.840253294),
        ["fov"] = 82.64482879638672
    },
    {
        ["cframe"] = CFrame.new(-12.085984230, 233.341064453, 50.735034943, -0.839625418, -0.032500844, -0.542192638, -0.039473027, 0.999219894, 0.001230317, 0.541729689, 0.022434989, -0.840253294),
        ["fov"] = 82.20502471923828
    },
    {
        ["cframe"] = CFrame.new(-12.085984230, 233.341064453, 50.735034943, -0.839625418, -0.032500844, -0.542192638, -0.039473027, 0.999219894, 0.001230317, 0.541729689, 0.022434989, -0.840253294),
        ["fov"] = 81.71562957763672
    },
    {
        ["cframe"] = CFrame.new(-12.085984230, 233.341064453, 50.735034943, -0.839625418, -0.032500844, -0.542192638, -0.039473027, 0.999219894, 0.001230317, 0.541729689, 0.022434989, -0.840253294),
        ["fov"] = 81.1578369140625
    },
    {
        ["cframe"] = CFrame.new(-10.729483604, 233.693191528, 55.516902924, -0.726802349, -0.049789097, -0.685039699, -0.064194471, 0.997927606, -0.004421956, 0.683840156, 0.040761866, -0.728492379),
        ["fov"] = 80.52753448486328
    },
    {
        ["cframe"] = CFrame.new(-10.450991631, 233.699737549, 56.277744293, -0.700258791, -0.013269995, -0.713765740, -0.061167009, 0.997265697, 0.041468825, 0.711263835, 0.072697826, -0.699155748),
        ["fov"] = 79.69319915771484
    },
    {
        ["cframe"] = CFrame.new(-10.137682915, 233.707107544, 57.133697510, -0.636814415, 0.045508996, -0.769672930, -0.016925998, 0.997190833, 0.072965905, 0.770831287, 0.059493229, -0.634255230),
        ["fov"] = 79.0577392578125
    },
    {
        ["cframe"] = CFrame.new(-9.894001961, 233.712844849, 57.799430847, -0.838358045, 0.006173090, -0.545084953, -0.040926881, 0.996400893, 0.074231088, 0.543581367, 0.084540866, -0.835088134),
        ["fov"] = 78.38378143310547
    },
    {
        ["cframe"] = CFrame.new(-9.600982666, 233.718566895, 58.599964142, -0.793709874, -0.033752818, -0.607359290, -0.071336254, 0.996734619, 0.037832119, 0.604099095, 0.073354468, -0.793525934),
        ["fov"] = 77.6589126586914
    },
    {
        ["cframe"] = CFrame.new(-9.255616188, 233.718566895, 59.543510437, -0.754456580, -0.070299931, -0.652574241, -0.076029435, 0.996914983, -0.019495318, 0.651931524, 0.034906480, -0.757473886),
        ["fov"] = 76.88578796386719
    },
    {
        ["cframe"] = CFrame.new(-8.860919952, 233.718566895, 60.621829987, -0.824429393, -0.042706102, -0.564351141, -0.077288024, 0.996302843, 0.037512664, 0.560662627, 0.074544132, -0.824682057),
        ["fov"] = 76.05410766601562
    },
    {
        ["cframe"] = CFrame.new(-8.400432587, 233.718566895, 61.879886627, -0.815660655, -0.056497045, -0.575765491, -0.077682927, 0.996903121, 0.012228632, 0.573291540, 0.054701552, -0.817523479),
        ["fov"] = 75.13118743896484
    },
    {
        ["cframe"] = CFrame.new(-8.286968231, 233.720520020, 62.184612274, -0.825037539, -0.053228240, -0.562565267, -0.077601694, 0.996793866, 0.019494131, 0.559723914, 0.059739415, -0.826523006),
        ["fov"] = 74.74971008300781
    },
    {
        ["cframe"] = CFrame.new(-7.905528545, 233.736038208, 63.184638977, -0.833388984, -0.050028175, -0.550417900, -0.076763943, 0.996719658, 0.025635373, 0.547329843, 0.063616492, -0.834495604),
        ["fov"] = 73.98736572265625
    },
    {
        ["cframe"] = CFrame.new(-7.571769714, 233.749633789, 64.059661865, -0.840544641, -0.047274865, -0.539675593, -0.075957961, 0.996629000, 0.031001147, 0.536390781, 0.067050509, -0.841302097),
        ["fov"] = 73.08499145507812
    },
    {
        ["cframe"] = CFrame.new(-7.190330505, 233.765167236, 65.059692383, -0.848547220, -0.044182401, -0.527271748, -0.074953556, 0.996495783, 0.037123252, 0.523783863, 0.071021728, -0.848885357),
        ["fov"] = 72.34842681884766
    },
    {
        ["cframe"] = CFrame.new(-6.921246529, 233.788452148, 65.731719971, -0.844999313, -0.044891700, -0.532879889, -0.073983729, 0.996701598, 0.033351924, 0.529624999, 0.067606792, -0.845533371),
        ["fov"] = 71.4713363647461
    },
    {
        ["cframe"] = CFrame.new(-6.652162552, 233.811752319, 66.403747559, -0.841413796, -0.045623876, -0.538461983, -0.072989009, 0.996893764, 0.029587610, 0.535439432, 0.064197227, -0.842130244),
        ["fov"] = 70.76062774658203
    },
    {
        ["cframe"] = CFrame.new(-6.421519279, 233.831710815, 66.979766846, -0.838310778, -0.046269625, -0.543225706, -0.072116628, 0.997047663, 0.026366830, 0.540401936, 0.061279200, -0.839172602),
        ["fov"] = 70.02350616455078
    },
    {
        ["cframe"] = CFrame.new(-6.152435303, 233.855010986, 67.651802063, -0.834656060, -0.047044124, -0.548758686, -0.071075842, 0.997214496, 0.022616129, 0.546166182, 0.057880178, -0.835674822),
        ["fov"] = 69.3917236328125
    },
    {
        ["cframe"] = CFrame.new(-5.731568813, 233.873703003, 69.633987427, -0.814697683, -0.055392995, -0.577234209, -0.079069085, 0.996741593, 0.015946580, 0.574469984, 0.058633022, -0.816422880),
        ["fov"] = 68.47328186035156
    },
    {
        ["cframe"] = CFrame.new(-5.349143505, 233.889053345, 71.520164490, -0.794278085, -0.063574575, -0.604218960, -0.087000899, 0.996162415, 0.009553339, 0.601292908, 0.060155608, -0.796760976),
        ["fov"] = 67.90103149414062
    },
    {
        ["cframe"] = CFrame.new(-5.030456066, 233.901855469, 73.091979980, -0.776525974, -0.070343159, -0.626146317, -0.093442149, 0.995616555, 0.004033299, 0.623117864, 0.061640419, -0.779695094),
        ["fov"] = 67.26871490478516
    },
    {
        ["cframe"] = CFrame.new(-4.648029804, 233.917205811, 74.978164673, -0.754362881, -0.078397207, -0.651759505, -0.100961678, 0.994886339, -0.002814786, 0.648647249, 0.063679360, -0.758420467),
        ["fov"] = 66.72303771972656
    },
    {
        ["cframe"] = CFrame.new(-4.435142040, 233.823715210, 76.584472656, -0.734359026, -0.085464641, -0.673359215, -0.107999772, 0.994115472, -0.008392445, 0.670114100, 0.066559583, -0.739267826),
        ["fov"] = 66.00731658935547
    },
    {
        ["cframe"] = CFrame.new(-4.285992622, 233.727645874, 77.876419067, -0.717696965, -0.091130309, -0.690366805, -0.113698609, 0.993431091, -0.012935953, 0.687010705, 0.069209658, -0.723343790),
        ["fov"] = 65.4231948852539
    },
    {
        ["cframe"] = CFrame.new(-4.077180862, 233.593154907, 79.685150146, -0.693647504, -0.098942362, -0.713486910, -0.121487848, 0.992401123, -0.019510888, 0.709995687, 0.073146299, -0.700396836),
        ["fov"] = 64.64366149902344
    },
    {
        ["cframe"] = CFrame.new(-3.909071445, 233.409286499, 81.327331543, -0.672705412, -0.105453193, -0.732357204, -0.128091171, 0.991444707, -0.025101656, 0.728738666, 0.076922469, -0.680457771),
        ["fov"] = 64.03822326660156
    },
    {
        ["cframe"] = CFrame.new(-3.751830101, 233.156845093, 83.061355591, -0.651528597, -0.111776263, -0.750344336, -0.134642512, 0.990420759, -0.030628715, 0.746580184, 0.081072763, -0.660337210),
        ["fov"] = 63.32085037231445
    },
    {
        ["cframe"] = CFrame.new(-3.594588280, 232.904403687, 84.795379639, -0.629819036, -0.117971711, -0.767730772, -0.141032636, 0.989338279, -0.036326393, 0.763830960, 0.085396044, -0.639742017),
        ["fov"] = 62.76211166381836
    },
    {
        ["cframe"] = CFrame.new(-3.437346458, 232.651977539, 86.529403687, -0.607594848, -0.124034375, -0.784502327, -0.147256553, 0.988198102, -0.042190056, 0.780476689, 0.089888647, -0.618688941),
        ["fov"] = 62.00104904174805
    },
    {
        ["cframe"] = CFrame.new(-3.317096710, 232.490875244, 88.024787903, -0.589280546, -0.128842175, -0.797588944, -0.152334973, 0.987214327, -0.046924934, 0.793437183, 0.093848728, -0.601373374),
        ["fov"] = 61.19412612915039
    },
    {
        ["cframe"] = CFrame.new(-3.265060902, 232.447280884, 88.810241699, -0.580447912, -0.131105497, -0.803673804, -0.154850587, 0.986715734, -0.049125861, 0.799438238, 0.095934354, -0.593038857),
        ["fov"] = 60.65703201293945
    },
    {
        ["cframe"] = CFrame.new(-3.202618599, 232.394958496, 89.752792358, -0.569755793, -0.133789584, -0.810850620, -0.157836318, 0.986105680, -0.051800549, 0.806514740, 0.098468013, -0.582956314),
        ["fov"] = 60.071781158447266
    },
    {
        ["cframe"] = CFrame.new(-2.950604439, 232.343063354, 91.495010376, -0.533939660, -0.131993845, -0.835156262, -0.161939383, 0.985418558, -0.052209750, 0.829869866, 0.107367836, -0.547529042),
        ["fov"] = 59.32687759399414
    },
    {
        ["cframe"] = CFrame.new(-2.350672722, 232.318161011, 94.365310669, -0.450175017, -0.118864290, -0.884993613, -0.167312145, 0.984775424, -0.047158401, 0.877125442, 0.126840651, -0.463208735),
        ["fov"] = 58.72689437866211
    },
    {
        ["cframe"] = CFrame.new(-1.750740051, 232.293243408, 97.235610962, -0.362135649, -0.104162604, -0.926287174, -0.173283890, 0.983937204, -0.042899422, 0.915876865, 0.144975230, -0.374368429),
        ["fov"] = 58.03595733642578
    },
    {
        ["cframe"] = CFrame.new(-0.650864601, 232.247573853, 102.497825623, -0.192490876, -0.073583364, -0.978536010, -0.185474426, 0.981938839, -0.037354004, 0.963611126, 0.174303085, -0.202662095),
        ["fov"] = 57.08736801147461
    },
    {
        ["cframe"] = CFrame.new(-0.350896835, 232.235122681, 103.932983398, -0.144954875, -0.064526521, -0.987331867, -0.189012960, 0.981300354, -0.036382444, 0.971216857, 0.181344718, -0.154440627),
        ["fov"] = 56.91947937011719
    },
    {
        ["cframe"] = CFrame.new(0.188771248, 232.272384644, 105.563323975, -0.165852711, -0.008087918, -0.986117423, -0.193032622, 0.980888367, 0.024420679, 0.967073619, 0.194403052, -0.164244235),
        ["fov"] = 56.55348205566406
    },
    {
        ["cframe"] = CFrame.new(0.818369865, 232.315856934, 107.465362549, -0.089704290, 0.028641535, -0.995556474, -0.179349571, 0.982781410, 0.044434257, 0.979687095, 0.182538599, -0.083022892),
        ["fov"] = 56.08946990966797
    },
    {
        ["cframe"] = CFrame.new(1.358030319, 232.353134155, 109.095664978, -0.028073484, 0.026737716, -0.999248266, -0.179016128, 0.983346879, 0.031341612, 0.983445525, 0.179761410, -0.022819500),
        ["fov"] = 55.714385986328125
    },
    {
        ["cframe"] = CFrame.new(1.830240250, 232.385742188, 110.522186279, -0.007960491, 0.006173196, -0.999949157, -0.193150491, 0.981139779, 0.007594727, 0.981136799, 0.193201154, -0.006618032),
        ["fov"] = 55.385902404785156
    },
    {
        ["cframe"] = CFrame.new(2.357407570, 232.427093506, 112.033721924, 0.011812758, -0.004791781, -0.999918759, -0.203715906, 0.979004264, -0.007098198, 0.978958786, 0.203783199, 0.010588557),
        ["fov"] = 55.069671630859375
    },
    {
        ["cframe"] = CFrame.new(3.116909027, 232.499282837, 114.004081726, 0.032395341, 0.009174608, -0.999433041, -0.207057044, 0.978326261, 0.002269357, 0.977792382, 0.206866130, 0.033592887),
        ["fov"] = 54.778141021728516
    },
    {
        ["cframe"] = CFrame.new(3.971353531, 232.580520630, 116.220748901, 0.055515695, 0.024895705, -0.998147368, -0.211044878, 0.977394581, 0.012640066, 0.975898623, 0.209952161, 0.059514869),
        ["fov"] = 54.44925308227539
    },
    {
        ["cframe"] = CFrame.new(4.730854034, 232.652725220, 118.191108704, 0.076020718, 0.038868483, -0.996348321, -0.214789152, 0.976419210, 0.021702759, 0.973697245, 0.212354958, 0.082576618),
        ["fov"] = 54.138572692871094
    },
    {
        ["cframe"] = CFrame.new(5.561307907, 232.738220215, 120.238052368, 0.090056710, 0.052937377, -0.994528770, -0.218417943, 0.975326061, 0.032137021, 0.971691072, 0.214328766, 0.099397123),
        ["fov"] = 53.8613395690918
    },
    {
        ["cframe"] = CFrame.new(6.628599167, 232.859329224, 122.684455872, 0.093797699, 0.068945013, -0.993201137, -0.222040921, 0.973921418, 0.046637177, 0.970515192, 0.216156825, 0.106660202),
        ["fov"] = 53.542484283447266
    },
    {
        ["cframe"] = CFrame.new(7.340124130, 232.940078735, 124.315391541, 0.096289225, 0.079603679, -0.992165148, -0.224488318, 0.972850978, 0.056267545, 0.969707966, 0.217311516, 0.111545153),
        ["fov"] = 53.40065383911133
    },
    {
        ["cframe"] = CFrame.new(8.170242310, 233.034286499, 126.218154907, 0.099192619, 0.092023514, -0.990803957, -0.227375984, 0.971467316, 0.067464225, 0.968741953, 0.218593076, 0.117286310),
        ["fov"] = 53.184879302978516
    },
    {
        ["cframe"] = CFrame.new(9.074235916, 233.133880615, 128.315277100, 0.102621377, 0.105113477, -0.989151061, -0.230753213, 0.969790339, 0.079116181, 0.967585504, 0.220130801, 0.123776488),
        ["fov"] = 52.95353698730469
    },
    {
        ["cframe"] = CFrame.new(9.517536163, 233.166229248, 129.481506348, 0.105791800, 0.109245993, -0.988369048, -0.233484805, 0.968888104, 0.082101308, 0.966588259, 0.222083509, 0.128007695),
        ["fov"] = 52.806617736816406
    },
    {
        ["cframe"] = CFrame.new(10.034723282, 233.203964233, 130.842102051, 0.109479472, 0.114069946, -0.987422049, -0.236680180, 0.967812777, 0.085562922, 0.965399742, 0.224335864, 0.132953733),
        ["fov"] = 52.59919738769531
    },
    {
        ["cframe"] = CFrame.new(10.478023529, 233.236312866, 132.008316040, 0.112630896, 0.118206881, -0.986580670, -0.239426300, 0.966871619, 0.088511869, 0.964359522, 0.226244181, 0.137201428),
        ["fov"] = 52.45142364501953
    },
    {
        ["cframe"] = CFrame.new(10.889114380, 233.262908936, 133.105987549, 0.116046816, 0.121858969, -0.985740006, -0.239373893, 0.966623724, 0.091315344, 0.963967383, 0.225363582, 0.141343489),
        ["fov"] = 52.27463150024414
    },
    {
        ["cframe"] = CFrame.new(11.293575287, 233.280502319, 134.226715088, 0.120688900, 0.124961637, -0.984793723, -0.232777268, 0.967947721, 0.094296612, 0.965012372, 0.217857078, 0.145908743),
        ["fov"] = 52.09229278564453
    },
    {
        ["cframe"] = CFrame.new(11.640249252, 233.295578003, 135.187347412, 0.124694027, 0.127592072, -0.983957231, -0.227132350, 0.969033957, 0.096873075, 0.965848029, 0.211408973, 0.149813026),
        ["fov"] = 51.92265319824219
    },
    {
        ["cframe"] = CFrame.new(12.044725418, 233.313171387, 136.308166504, 0.040679809, 0.154966906, -0.987081707, -0.157861471, 0.976488590, 0.146798015, 0.986622870, 0.149850473, 0.064186655),
        ["fov"] = 51.7584114074707
    },
    {
        ["cframe"] = CFrame.new(12.449153900, 233.330764771, 137.428863525, 0.089667112, 0.145181447, -0.985333443, -0.183255926, 0.974832773, 0.126957640, 0.978967309, 0.169184297, 0.114015795),
        ["fov"] = 51.570709228515625
    },
    {
        ["cframe"] = CFrame.new(12.883085251, 233.345504761, 138.651000977, 0.139701396, 0.136502877, -0.980739772, -0.203678787, 0.973234057, 0.106445186, 0.969019353, 0.184885323, 0.163764879),
        ["fov"] = 51.39928436279297
    },
    {
        ["cframe"] = CFrame.new(13.339157104, 233.358093262, 139.949249268, 0.146074340, 0.139250427, -0.979424119, -0.190632090, 0.975450397, 0.110254005, 0.970732570, 0.170604378, 0.169033870),
        ["fov"] = 51.21238708496094
    },
    {
        ["cframe"] = CFrame.new(13.860378265, 233.372482300, 141.432983398, 0.153456867, 0.142281935, -0.977858305, -0.175736547, 0.977734208, 0.114685252, 0.972403109, 0.154246196, 0.175044134),
        ["fov"] = 50.98109817504883
    },
    {
        ["cframe"] = CFrame.new(14.381601334, 233.386871338, 142.916717529, 0.160942152, 0.145195276, -0.976225317, -0.160862058, 0.979752362, 0.119199872, 0.973766327, 0.137853324, 0.181039885),
        ["fov"] = 50.783695220947266
    },
    {
        ["cframe"] = CFrame.new(14.902826309, 233.401275635, 144.400451660, 0.168527529, 0.147988245, -0.974524379, -0.146014109, 0.981505871, 0.123797789, 0.974822104, 0.121430993, 0.187019125),
        ["fov"] = 50.56608200073242
    },
    {
        ["cframe"] = CFrame.new(15.591224670, 233.415695190, 146.381881714, 0.179136813, 0.151041195, -0.972160816, -0.122758277, 0.983853996, 0.130237654, 0.976135492, 0.096010409, 0.194786012),
        ["fov"] = 50.350486755371094
    },
    {
        ["cframe"] = CFrame.new(16.171443939, 233.424377441, 148.068466187, 0.188588887, 0.153056487, -0.970055699, -0.100409120, 0.985608816, 0.135989904, 0.976909578, 0.071756244, 0.201243162),
        ["fov"] = 50.137481689453125
    },
    {
        ["cframe"] = CFrame.new(16.824186325, 233.434143066, 149.965866089, 0.199424893, 0.155058488, -0.967567384, -0.075339496, 0.986904740, 0.142629236, 0.977012634, 0.044452228, 0.208495393),
        ["fov"] = 49.891761779785156
    },
    {
        ["cframe"] = CFrame.new(17.404403687, 233.442825317, 151.652450562, 0.209229201, 0.156595975, -0.965246439, -0.053138424, 0.987456381, 0.148680776, 0.976421654, 0.020183323, 0.214925975),
        ["fov"] = 49.710243225097656
    },
    {
        ["cframe"] = CFrame.new(17.946847916, 233.448242188, 153.197814941, 0.217092469, 0.155217811, -0.963731408, -0.037853718, 0.987872958, 0.150579005, 0.975416780, 0.003791237, 0.220335364),
        ["fov"] = 49.519500732421875
    },
    {
        ["cframe"] = CFrame.new(18.410470963, 233.452041626, 154.508819580, 0.223382413, 0.153138161, -0.962626100, -0.026495952, 0.988170385, 0.151053324, 0.974370658, -0.008236957, 0.224797443),
        ["fov"] = 49.33153533935547
    },
    {
        ["cframe"] = CFrame.new(18.874092102, 233.455841064, 155.819824219, 0.229675144, 0.150987521, -0.961484253, -0.015156962, 0.988328397, 0.151582390, 0.973149359, -0.020241518, 0.229282975),
        ["fov"] = 49.149749755859375
    },
    {
        ["cframe"] = CFrame.new(19.271488190, 233.459106445, 156.943542480, 0.235070542, 0.149087563, -0.960476279, -0.005454369, 0.988353193, 0.152079761, 0.971962988, -0.030510683, 0.233145878),
        ["fov"] = 48.97224807739258
    },
    {
        ["cframe"] = CFrame.new(19.593200684, 233.460998535, 157.844635010, 0.234964356, 0.157958075, -0.959083319, 0.001700670, 0.986638904, 0.162913024, 0.972002506, -0.039909836, 0.231556326),
        ["fov"] = 48.836185455322266
    },
    {
        ["cframe"] = CFrame.new(20.034790039, 233.462890625, 159.073226929, 0.230794534, 0.180158168, -0.956178248, 0.010930188, 0.982166827, 0.187693059, 0.972941101, -0.053769737, 0.224709585),
        ["fov"] = 48.65752410888672
    },
    {
        ["cframe"] = CFrame.new(20.413305283, 233.464508057, 160.126342773, 0.234111354, 0.175233781, -0.956287086, 0.017341867, 0.982712984, 0.184321672, 0.972055137, -0.059735592, 0.227025405),
        ["fov"] = 48.52359390258789
    },
    {
        ["cframe"] = CFrame.new(20.791824341, 233.466140747, 161.179473877, 0.240741104, 0.158302665, -0.957592845, 0.023056701, 0.985398531, 0.168695822, 0.970315456, -0.062690951, 0.233575985),
        ["fov"] = 48.36382293701172
    },
    {
        ["cframe"] = CFrame.new(21.170341492, 233.467773438, 162.232604980, 0.247338235, 0.141335011, -0.958565712, 0.028865360, 0.987790287, 0.153092146, 0.968499184, -0.065534875, 0.240238592),
        ["fov"] = 48.214683532714844
    },
    {
        ["cframe"] = CFrame.new(21.548858643, 233.469390869, 163.285736084, 0.253771722, 0.136191547, -0.957628131, 0.034768526, 0.988113701, 0.149740785, 0.966639042, -0.071295299, 0.246020123),
        ["fov"] = 48.02265548706055
    },
    {
        ["cframe"] = CFrame.new(21.990459442, 233.471298218, 164.514404297, 0.261242509, 0.130151063, -0.956458449, 0.041668762, 0.988423944, 0.145882010, 0.964373291, -0.077965014, 0.252795160),
        ["fov"] = 47.86106872558594
    },
    {
        ["cframe"] = CFrame.new(22.495151520, 233.473464966, 165.918579102, 0.269733012, 0.123196103, -0.955021858, 0.049571160, 0.988690555, 0.141540006, 0.961658299, -0.085519560, 0.260575533),
        ["fov"] = 47.66621398925781
    },
    {
        ["cframe"] = CFrame.new(22.996688843, 233.475357056, 167.310989380, 0.277634233, 0.117030084, -0.953531861, 0.057024147, 0.988794565, 0.137961373, 0.958992898, -0.092677131, 0.267849714),
        ["fov"] = 47.476497650146484
    },
    {
        ["cframe"] = CFrame.new(23.476200104, 233.475357056, 168.621032715, 0.281745225, 0.116729163, -0.952362299, 0.061218247, 0.988362908, 0.139252380, 0.957534313, -0.097535640, 0.271320552),
        ["fov"] = 47.26896667480469
    },
    {
        ["cframe"] = CFrame.new(24.015651703, 233.475357056, 170.094818115, 0.286369264, 0.116366245, -0.951026559, 0.065922283, 0.987851918, 0.140722394, 0.955848753, -0.102992408, 0.275219291),
        ["fov"] = 47.058197021484375
    },
    {
        ["cframe"] = CFrame.new(24.555099487, 233.475357056, 171.568603516, 0.290991753, 0.115977541, -0.949670017, 0.070610926, 0.987314820, 0.142211020, 0.954116404, -0.108439326, 0.279111147),
        ["fov"] = 46.821720123291016
    },
    {
        ["cframe"] = CFrame.new(25.094547272, 233.475357056, 173.042373657, 0.295612931, 0.115563065, -0.948292255, 0.075283960, 0.986750960, 0.143718213, 0.952336729, -0.113876164, 0.282996297),
        ["fov"] = 46.57876205444336
    },
    {
        ["cframe"] = CFrame.new(25.634002686, 233.475357056, 174.516174316, 0.300232112, 0.115122795, -0.946893573, 0.079941131, 0.986161053, 0.145243898, 0.950510442, -0.119302616, 0.286874175),
        ["fov"] = 46.34112548828125
    },
    {
        ["cframe"] = CFrame.new(26.173454285, 233.475357056, 175.989959717, 0.304849893, 0.114656739, -0.945473611, 0.084582195, 0.985544980, 0.146788076, 0.948637068, -0.124718554, 0.290745407),
        ["fov"] = 46.145469665527344
    },
    {
        ["cframe"] = CFrame.new(26.593025208, 233.475357056, 177.136260986, 0.308439404, 0.114276439, -0.944354832, 0.088180661, 0.985048115, 0.148001760, 0.947148025, -0.128923416, 0.293750614),
        ["fov"] = 45.95854187011719
    },
    {
        ["cframe"] = CFrame.new(26.952659607, 233.475357056, 178.118774414, 0.311515301, 0.113938063, -0.943385541, 0.091257125, 0.984609485, 0.149050936, 0.945848942, -0.132522315, 0.296323299),
        ["fov"] = 45.79257583618164
    },
    {
        ["cframe"] = CFrame.new(27.312294006, 233.475357056, 179.101318359, 0.314590037, 0.113588244, -0.942406774, 0.094326176, 0.984159410, 0.150108203, 0.944529235, -0.136116177, 0.298892438),
        ["fov"] = 45.69407653808594
    },
    {
        ["cframe"] = CFrame.new(27.671932220, 233.475357056, 180.083831787, 0.317663342, 0.113226973, -0.941418886, 0.097387776, 0.983698189, 0.151173607, 0.943189025, -0.139705002, 0.301457912),
        ["fov"] = 45.58379364013672
    },
    {
        ["cframe"] = CFrame.new(27.971626282, 233.475372314, 180.902618408, 0.320223659, 0.112917192, -0.940588415, 0.099933326, 0.983305156, 0.152067661, 0.942056417, -0.142691791, 0.303593308),
        ["fov"] = 45.48355484008789
    },
    {
        ["cframe"] = CFrame.new(28.331260681, 233.475372314, 181.885131836, 0.323294640, 0.112534955, -0.939583242, 0.102981046, 0.982822895, 0.153147876, 0.940678239, -0.146271154, 0.306152403),
        ["fov"] = 45.414669036865234
    },
    {
        ["cframe"] = CFrame.new(28.630954742, 233.475372314, 182.703918457, 0.325852662, 0.112207696, -0.938738227, 0.105514951, 0.982412159, 0.154054165, 0.939513922, -0.149249867, 0.308282077),
        ["fov"] = 45.36178207397461
    },
    {
        ["cframe"] = CFrame.new(29.050533295, 233.475372314, 183.850189209, 0.329432219, 0.111736201, -0.937544346, 0.109053403, 0.981824398, 0.155332401, 0.937860191, -0.153413877, 0.311259359),
        ["fov"] = 45.29467010498047
    },
    {
        ["cframe"] = CFrame.new(29.350223541, 233.475372314, 184.668975830, 0.331987798, 0.111389883, -0.936683655, 0.111574352, 0.981395006, 0.156252116, 0.936661661, -0.156383678, 0.313382953),
        ["fov"] = 45.25617218017578
    },
    {
        ["cframe"] = CFrame.new(29.649913788, 233.475372314, 185.487731934, 0.334542096, 0.111035645, -0.935816467, 0.114089862, 0.980957925, 0.157177329, 0.935449064, -0.159349605, 0.315503716),
        ["fov"] = 45.219600677490234
    },
    {
        ["cframe"] = CFrame.new(29.949611664, 233.475372314, 186.306518555, 0.337095320, 0.110673495, -0.934942722, 0.116599903, 0.980513155, 0.158108160, 0.934222162, -0.162311748, 0.317621887),
        ["fov"] = 45.19333267211914
    },
    {
        ["cframe"] = CFrame.new(30.309246063, 233.475372314, 187.289031982, 0.340157330, 0.110228442, -0.933885813, 0.119604662, 0.979969323, 0.159232423, 0.932731330, -0.165861160, 0.320159912),
        ["fov"] = 45.158573150634766
    },
    {
        ["cframe"] = CFrame.new(31.193397522, 233.475372314, 189.693542480, 0.347586781, 0.109027140, -0.931287527, 0.126815185, 0.978624642, 0.161900491, 0.929032445, -0.174375877, 0.326330721),
        ["fov"] = 45.0979118347168
    },
    {
        ["cframe"] = CFrame.new(31.770572662, 233.475372314, 191.209930420, 0.351988554, 0.107926324, -0.929761291, 0.130810499, 0.977909744, 0.163037568, 0.926818609, -0.179009899, 0.330095083),
        ["fov"] = 45.070556640625
    },
    {
        ["cframe"] = CFrame.new(32.085391998, 233.475372314, 192.037048340, 0.354386538, 0.107317112, -0.928920567, 0.132984012, 0.977511942, 0.163664714, 0.925594807, -0.181532145, 0.332145542),
        ["fov"] = 45.059635162353516
    },
    {
        ["cframe"] = CFrame.new(32.557621002, 233.475372314, 193.277709961, 0.357979536, 0.106391631, -0.927648365, 0.136236489, 0.976904154, 0.164614424, 0.923737168, -0.185308143, 0.335217267),
        ["fov"] = 45.047645568847656
    },
    {
        ["cframe"] = CFrame.new(33.187267303, 233.475387573, 194.931945801, 0.362763077, 0.105135977, -0.925931633, 0.140558541, 0.976074517, 0.165897787, 0.921220005, -0.190329194, 0.339305967),
        ["fov"] = 45.032169342041016
    },
    {
        ["cframe"] = CFrame.new(33.449619293, 233.475387573, 195.621215820, 0.364753574, 0.104605459, -0.925209284, 0.142354414, 0.975722015, 0.166438147, 0.920157492, -0.192416564, 0.341007054),
        ["fov"] = 45.027671813964844
    },
    {
        ["cframe"] = CFrame.new(33.711967468, 233.475387573, 196.310485840, 0.366742313, 0.104070701, -0.924483240, 0.144147366, 0.975365937, 0.166981876, 0.919087350, -0.194501132, 0.342706412),
        ["fov"] = 45.02345275878906
    },
    {
        ["cframe"] = CFrame.new(33.974319458, 233.475387573, 196.999755859, 0.368729621, 0.103531681, -0.923753023, 0.145937383, 0.975005805, 0.167529002, 0.918009162, -0.196583003, 0.344404340),
        ["fov"] = 45.0204963684082
    },
    {
        ["cframe"] = CFrame.new(34.206783295, 233.475387573, 197.585357666, 0.370304555, 0.102925897, -0.923190534, 0.147179723, 0.974787235, 0.167714193, 0.917176425, -0.197980255, 0.345819533),
        ["fov"] = 45.017967224121094
    },
    {
        ["cframe"] = CFrame.new(34.431781769, 233.475387573, 198.145111084, 0.371775150, 0.102302529, -0.922668517, 0.148284823, 0.974602997, 0.167809948, 0.916403115, -0.199205309, 0.347163349),
        ["fov"] = 45.01572036743164
    },
    {
        ["cframe"] = CFrame.new(34.656780243, 233.475387573, 198.704833984, 0.373244494, 0.101677462, -0.922144413, 0.149388999, 0.974417806, 0.167907491, 0.915626287, -0.200428784, 0.348506600),
        ["fov"] = 45.01327133178711
    },
    {
        ["cframe"] = CFrame.new(34.971782684, 233.475387573, 199.488494873, 0.375299633, 0.100799374, -0.921406269, 0.150933281, 0.974155664, 0.168046936, 0.914532304, -0.202138826, 0.350386322),
        ["fov"] = 45.01111602783203
    },
    {
        ["cframe"] = CFrame.new(35.237583160, 233.475387573, 200.091949463, 0.376693696, 0.100908838, -0.920825243, 0.151575685, 0.973936677, 0.168736055, 0.913852632, -0.203136533, 0.351580530),
        ["fov"] = 45.00931930541992
    },
    {
        ["cframe"] = CFrame.new(35.411987305, 233.475387573, 200.448822021, 0.377378970, 0.101557568, -0.920473397, 0.151549980, 0.973795414, 0.169573694, 0.913574159, -0.203491271, 0.352098852),
        ["fov"] = 45.00819778442383
    },
    {
        ["cframe"] = CFrame.new(35.717193604, 233.475372314, 201.073303223, 0.378578067, 0.102691688, -0.919854939, 0.151503474, 0.973546386, 0.171038926, 0.913085699, -0.204112798, 0.353005141),
        ["fov"] = 45.00679016113281
    },
    {
        ["cframe"] = CFrame.new(35.891593933, 233.475372314, 201.430114746, 0.379263073, 0.103339054, -0.919500053, 0.151475966, 0.973403096, 0.171875775, 0.912805736, -0.204468325, 0.353522509),
        ["fov"] = 45.006004333496094
    },
    {
        ["cframe"] = CFrame.new(36.279808044, 233.475372314, 202.164886475, 0.380423307, 0.105336882, -0.918793976, 0.150728360, 0.973146141, 0.173976749, 0.912446797, -0.204673111, 0.354330152),
        ["fov"] = 45.004573822021484
    },
    {
        ["cframe"] = CFrame.new(36.406417847, 233.475372314, 202.364379883, 0.380555749, 0.106364429, -0.918620825, 0.150022879, 0.973103702, 0.174822658, 0.912507892, -0.204343900, 0.354362994),
        ["fov"] = 45.004154205322266
    },
    {
        ["cframe"] = CFrame.new(36.617431641, 233.475372314, 202.696838379, 0.380775690, 0.108076721, -0.918329597, 0.148846701, 0.973029733, 0.176232010, 0.912608564, -0.203795210, 0.354419231),
        ["fov"] = 45.003692626953125
    },
    {
        ["cframe"] = CFrame.new(36.955055237, 233.475372314, 203.228790283, 0.381124794, 0.110815868, -0.917858124, 0.146964148, 0.972904980, 0.178486168, 0.912767947, -0.202917770, 0.354512274),
        ["fov"] = 45.002838134765625
    },
    {
        ["cframe"] = CFrame.new(37.262271881, 233.475387573, 203.702972412, 0.381350070, 0.113929138, -0.917383432, 0.145197973, 0.972677290, 0.181153864, 0.912956536, -0.202285260, 0.354388237),
        ["fov"] = 45.0023078918457
    },
    {
        ["cframe"] = CFrame.new(37.422599792, 233.475387573, 203.939147949, 0.381363511, 0.116264828, -0.917084754, 0.144216180, 0.972430289, 0.183252707, 0.913106561, -0.202144355, 0.354082078),
        ["fov"] = 45.00201416015625
    },
    {
        ["cframe"] = CFrame.new(37.585968018, 233.475402832, 204.173736572, 0.381319761, 0.118335247, -0.916838050, 0.143189311, 0.972243428, 0.185039833, 0.913286448, -0.201840743, 0.353791237),
        ["fov"] = 45.001705169677734
    },
    {
        ["cframe"] = CFrame.new(37.726360321, 233.475402832, 204.356353760, 0.381103218, 0.119144417, -0.916823268, 0.142223790, 0.972302437, 0.185473427, 0.913527608, -0.201078594, 0.353602409),
        ["fov"] = 45.001522064208984
    },
    {
        ["cframe"] = CFrame.new(37.901851654, 233.475402832, 204.584625244, 0.380832046, 0.120155603, -0.916804075, 0.141016752, 0.972374797, 0.186015740, 0.913827837, -0.200125486, 0.353367507),
        ["fov"] = 45.00131607055664
    },
    {
        ["cframe"] = CFrame.new(38.077342987, 233.475418091, 204.812927246, 0.380560070, 0.121166475, -0.916783869, 0.139809549, 0.972444952, 0.186558321, 0.914126515, -0.199171782, 0.353133529),
        ["fov"] = 45.00113296508789
    },
    {
        ["cframe"] = CFrame.new(38.252834320, 233.475418091, 205.041198730, 0.380287379, 0.122177064, -0.916762888, 0.138602182, 0.972513556, 0.187101275, 0.914423883, -0.198217586, 0.352900594),
        ["fov"] = 45.000999450683594
    },
    {
        ["cframe"] = CFrame.new(38.428321838, 233.475418091, 205.269470215, 0.380013853, 0.123187400, -0.916741192, 0.137394741, 0.972580254, 0.187644601, 0.914719701, -0.197262958, 0.352668673),
        ["fov"] = 45.000858306884766
    },
    {
        ["cframe"] = CFrame.new(38.603816986, 233.475433350, 205.497772217, 0.379739612, 0.124197394, -0.916718543, 0.136187091, 0.972645044, 0.188188210, 0.915014207, -0.196307749, 0.352437735),
        ["fov"] = 45.0355224609375
    },
    {
        ["cframe"] = CFrame.new(38.788433075, 233.475433350, 205.721313477, 0.379298419, 0.124412686, -0.916871965, 0.134843424, 0.972907364, 0.187799305, 0.915396035, -0.194866136, 0.352245957),
        ["fov"] = 45.11223220825195
    },
    {
        ["cframe"] = CFrame.new(38.979118347, 233.475418091, 205.941711426, 0.378747463, 0.124097213, -0.917142391, 0.133408070, 0.973299801, 0.186788619, 0.915834367, -0.193099916, 0.352079242),
        ["fov"] = 45.2755012512207
    },
    {
        ["cframe"] = CFrame.new(39.168136597, 233.476501465, 206.152099609, 0.378093481, 0.123247690, -0.917526662, 0.131966040, 0.973802090, 0.185187370, 0.916313410, -0.191100508, 0.351923734),
        ["fov"] = 45.42099380493164
    },
    {
        ["cframe"] = CFrame.new(39.350433350, 233.481918335, 206.322387695, 0.377028167, 0.120261729, -0.918360889, 0.130498528, 0.974745810, 0.181220934, 0.916962326, -0.188170150, 0.351812601),
        ["fov"] = 45.59306335449219
    },
    {
        ["cframe"] = CFrame.new(39.532730103, 233.487335205, 206.492675781, 0.375972122, 0.117269397, -0.919180453, 0.129024982, 0.975671232, 0.177251548, 0.917604208, -0.185238883, 0.351694494),
        ["fov"] = 45.808082580566406
    },
    {
        ["cframe"] = CFrame.new(39.751487732, 233.493820190, 206.697021484, 0.374716789, 0.113670357, -0.920144796, 0.127248973, 0.976758540, 0.172484607, 0.918365479, -0.181720361, 0.351543248),
        ["fov"] = 46.07553482055664
    },
    {
        ["cframe"] = CFrame.new(39.860866547, 233.497070312, 206.799194336, 0.374093980, 0.111867502, -0.920618951, 0.126357794, 0.977292120, 0.170099586, 0.918742239, -0.179960608, 0.351463765),
        ["fov"] = 46.19702911376953
    },
    {
        ["cframe"] = CFrame.new(40.073543549, 233.523696899, 206.851165771, 0.347297221, 0.106261015, -0.931715190, 0.124662846, 0.979509115, 0.158179969, 0.929431915, -0.171085730, 0.326934040),
        ["fov"] = 46.4698600769043
    },
    {
        ["cframe"] = CFrame.new(40.371303558, 233.560958862, 206.923919678, 0.309376508, 0.097874649, -0.945889354, 0.121669173, 0.982439816, 0.141451597, 0.943123877, -0.158847392, 0.292035490),
        ["fov"] = 46.736083984375
    },
    {
        ["cframe"] = CFrame.new(40.626525879, 233.592895508, 206.986267090, 0.276547760, 0.090194888, -0.956758261, 0.118526064, 0.984783292, 0.127096415, 0.953662872, -0.148549005, 0.261649162),
        ["fov"] = 47.06930923461914
    },
    {
        ["cframe"] = CFrame.new(40.839210510, 233.619522095, 207.038238525, 0.248995259, 0.083454318, -0.964902401, 0.115500011, 0.986612022, 0.115137003, 0.961592972, -0.140114799, 0.236022726),
        ["fov"] = 47.321651458740234
    },
    {
        ["cframe"] = CFrame.new(41.136966705, 233.656784058, 207.110992432, 0.210177660, 0.073506638, -0.974896014, 0.110643342, 0.988974929, 0.098421775, 0.971382260, -0.128551811, 0.199727371),
        ["fov"] = 47.64353561401367
    },
    {
        ["cframe"] = CFrame.new(41.392189026, 233.688720703, 207.173339844, 0.176727638, 0.064515196, -0.982143104, 0.105906337, 0.990809679, 0.084141366, 0.978545368, -0.118885279, 0.168270916),
        ["fov"] = 47.94890213012695
    },
    {
        ["cframe"] = CFrame.new(41.633628845, 233.724044800, 207.195434570, 0.138120636, 0.054891933, -0.988893092, 0.100493483, 0.992533088, 0.069130108, 0.985303819, -0.108925603, 0.131573051),
        ["fov"] = 48.19760513305664
    },
    {
        ["cframe"] = CFrame.new(41.811843872, 233.759109497, 207.146667480, 0.097421229, 0.046074141, -0.994176149, 0.095163465, 0.993919611, 0.055387504, 0.990683079, -0.100005165, 0.092444271),
        ["fov"] = 48.40777587890625
    },
    {
        ["cframe"] = CFrame.new(42.061351776, 233.808197021, 207.078399658, 0.040329121, 0.032960895, -0.998642623, 0.086686619, 0.995571852, 0.036360294, 0.995418966, -0.088035330, 0.037293322),
        ["fov"] = 48.65824508666992
    },
    {
        ["cframe"] = CFrame.new(42.275211334, 233.850265503, 207.019897461, -0.008570708, 0.021034300, -0.999741971, 0.078489274, 0.996708274, 0.020297581, 0.996878147, -0.078295052, -0.010193448),
        ["fov"] = 48.858642578125
    },
    {
        ["cframe"] = CFrame.new(42.489078522, 233.892349243, 206.961425781, -0.057298608, 0.008502000, -0.998320878, 0.069445103, 0.997575581, 0.004509846, 0.995938897, -0.069070093, -0.057750139),
        ["fov"] = 49.043853759765625
    },
    {
        ["cframe"] = CFrame.new(42.702938080, 233.934417725, 206.902893066, -0.105724476, -0.004607313, -0.994384885, 0.059568994, 0.998164117, -0.010958292, 0.992609680, -0.060393058, -0.105255894),
        ["fov"] = 49.20668411254883
    },
    {
        ["cframe"] = CFrame.new(42.881156921, 233.969482422, 206.854156494, -0.145754710, -0.015950667, -0.989192128, 0.050715629, 0.998434901, -0.023572514, 0.988019943, -0.053603310, -0.144717678),
        ["fov"] = 49.308204650878906
    },
    {
