return {
    {
        ["cframe"] = CFrame.new(72592.859375000, 1.157529354, -3.629044771, -0.997381449, -0.062693954, 0.036052417, -0.062683210, 0.998032153, 0.001429153, -0.036071081, -0.000834471, -0.999348879),
        ["fov"] = 74.42809295654297
    },
    {
        ["cframe"] = CFrame.new(72592.984375000, 0.784881592, -4.683994293, -0.999887466, 0.014931708, 0.001451491, 0.014931765, 0.981174350, 0.192546949, 0.001450889, 0.192546949, -0.981286705),
        ["fov"] = 65
    },
    {
        ["cframe"] = CFrame.new(72592.984375000, 0.784881592, -4.683994293, -0.999887466, 0.014931708, 0.001451491, 0.014931765, 0.981174350, 0.192546949, 0.001450889, 0.192546949, -0.981286705),
        ["fov"] = 65
    },
    {
        ["cframe"] = CFrame.new(72592.984375000, 0.784881592, -4.683994293, -0.999887466, 0.014931708, 0.001451491, 0.014931765, 0.981174350, 0.192546949, 0.001450889, 0.192546949, -0.981286705),
        ["fov"] = 65
    },
    {
        ["cframe"] = CFrame.new(72592.984375000, 0.784881592, -4.683994293, -0.999887466, 0.014931729, 0.001451253, 0.014931742, 0.981174350, 0.192546934, 0.001451126, 0.192546934, -0.981286705),
        ["fov"] = 65
    },
    {
        ["cframe"] = CFrame.new(72592.984375000, 0.558308363, -4.213617325, -0.999825954, 0.014881904, -0.011251800, 0.014834790, 0.999880791, 0.004259205, 0.011313844, 0.004091545, -0.999927640),
        ["fov"] = 68.7115478515625
    },
    {
        ["cframe"] = CFrame.new(72592.992187500, 0.539340973, -4.212787151, -0.999800682, 0.013613224, -0.014605371, 0.014881621, 0.995777965, -0.090576276, 0.013310677, -0.090775564, -0.995782435),
        ["fov"] = 70.15078735351562
    },
    {
        ["cframe"] = CFrame.new(72593.054687500, 0.478951931, -4.208829880, -0.999800682, 0.013613224, -0.014605371, 0.014881621, 0.995777965, -0.090576276, 0.013310677, -0.090775564, -0.995782435),
        ["fov"] = 70.8708724975586
    },
    {
        ["cframe"] = CFrame.new(72593.039062500, 0.491436958, -4.209619045, -0.999800682, 0.013613224, -0.014605371, 0.014881621, 0.995777965, -0.090576276, 0.013310677, -0.090775564, -0.995782435),
        ["fov"] = 71.47689056396484
    },
    {
        ["cframe"] = CFrame.new(72592.968750000, 0.528892756, -4.211985588, -0.999800682, 0.013613224, -0.014605371, 0.014881621, 0.995777965, -0.090576276, 0.013310677, -0.090775564, -0.995782435),
        ["fov"] = 71.74696350097656
    },
    {
        ["cframe"] = CFrame.new(72593.031250000, 0.556505919, -4.214972973, -0.999800682, 0.013613224, -0.014605371, 0.014881621, 0.995777965, -0.090576276, 0.013310677, -0.090775564, -0.995782435),
        ["fov"] = 71.99853515625
    },
    {
        ["cframe"] = CFrame.new(72593.054687500, 0.565711737, -4.215969086, -0.999800682, 0.013613224, -0.014605371, 0.014881621, 0.995777965, -0.090576276, 0.013310677, -0.090775564, -0.995782435),
        ["fov"] = 72.23355102539062
    },
    {
        ["cframe"] = CFrame.new(72593.039062500, 0.554073811, -4.214856625, -0.999800682, 0.013613224, -0.014605371, 0.014881621, 0.995777965, -0.090576276, 0.013310677, -0.090775564, -0.995782435),
        ["fov"] = 72.65985870361328
    },
    {
        ["cframe"] = CFrame.new(72593.000000000, 0.519154549, -4.211518764, -0.999800682, 0.013613224, -0.014605371, 0.014881621, 0.995777965, -0.090576276, 0.013310677, -0.090775564, -0.995782435),
        ["fov"] = 72.85353088378906
    },
    {
        ["cframe"] = CFrame.new(72592.984375000, 0.539883852, -4.212762356, -0.999800682, 0.013613224, -0.014605371, 0.014881621, 0.995777965, -0.090576276, 0.013310677, -0.090775564, -0.995782435),
        ["fov"] = 73.03549194335938
    },
    {
        ["cframe"] = CFrame.new(72592.984375000, 0.546794891, -4.213177204, -0.999800682, 0.013613224, -0.014605371, 0.014881621, 0.995777965, -0.090576276, 0.013310677, -0.090775564, -0.995782435),
        ["fov"] = 73.36727905273438
    },
    {
        ["cframe"] = CFrame.new(72593.007812500, 0.539444685, -4.213017941, -0.999800682, 0.013613224, -0.014605371, 0.014881621, 0.995777965, -0.090576276, 0.013310677, -0.090775564, -0.995782435),
        ["fov"] = 73.51835632324219
    },
    {
        ["cframe"] = CFrame.new(72593.015625000, 0.536994219, -4.212964535, -0.999800682, 0.013613224, -0.014605371, 0.014881621, 0.995777965, -0.090576276, 0.013310677, -0.090775564, -0.995782435),
        ["fov"] = 73.6602554321289
    },
    {
        ["cframe"] = CFrame.new(72593.007812500, 0.536133528, -4.212768078, -0.999800682, 0.013613224, -0.014605371, 0.014881621, 0.995777965, -0.090576276, 0.013310677, -0.090775564, -0.995782435),
        ["fov"] = 73.91825103759766
    },
    {
        ["cframe"] = CFrame.new(72593.007812500, 0.536461830, -4.212836266, -0.999800682, 0.013613224, -0.014605371, 0.014881621, 0.995777965, -0.090576276, 0.013310677, -0.090775564, -0.995782435),
        ["fov"] = 74.14422607421875
    },
    {
        ["cframe"] = CFrame.new(72593.015625000, 0.536745787, -4.211694241, -0.999800682, 0.013613205, -0.014605849, 0.014881645, 0.995778441, -0.090576306, 0.013311155, -0.090775609, -0.995782435),
        ["fov"] = 74.2459487915039
    },
    {
        ["cframe"] = CFrame.new(72593.015625000, 0.536978960, -4.210141182, -0.999800682, 0.013613224, -0.014605371, 0.014881621, 0.995777965, -0.090576276, 0.013310677, -0.090775564, -0.995782435),
        ["fov"] = 74.34049987792969
    },
    {
        ["cframe"] = CFrame.new(72593.015625000, 0.537270308, -4.208199501, -0.999800682, 0.013613224, -0.014605371, 0.014881621, 0.995777965, -0.090576276, 0.013310677, -0.090775564, -0.995782435),
        ["fov"] = 74.42809295654297
    },
    {
        ["cframe"] = CFrame.new(72593.015625000, 0.537619829, -4.205867767, -0.999800682, 0.013613224, -0.014605371, 0.014881621, 0.995777965, -0.090576276, 0.013310677, -0.090775564, -0.995782435),
        ["fov"] = 74.58314514160156
    },
    {
        ["cframe"] = CFrame.new(72593.015625000, 0.538085699, -4.202761173, -0.999800682, 0.013613224, -0.014605371, 0.014881621, 0.995777965, -0.090576276, 0.013310677, -0.090775564, -0.995782435),
        ["fov"] = 74.71241760253906
    },
    {
        ["cframe"] = CFrame.new(72593.015625000, 0.538493872, -4.200042248, -0.999800682, 0.013613224, -0.014605371, 0.014881621, 0.995777965, -0.090576276, 0.013310677, -0.090775564, -0.995782435),
        ["fov"] = 74.81690979003906
    },
    {
        ["cframe"] = CFrame.new(72593.015625000, 0.538668394, -4.198877811, -0.999800682, 0.013613224, -0.014605371, 0.014881621, 0.995777965, -0.090576276, 0.013310677, -0.090775564, -0.995782435),
        ["fov"] = 74.81690979003906
    },
    {
        ["cframe"] = CFrame.new(72593.015625000, 0.538901567, -4.197324276, -0.999800682, 0.013613224, -0.014605371, 0.014881621, 0.995777965, -0.090576276, 0.013310677, -0.090775564, -0.995782435),
        ["fov"] = 74.8601303100586
    },
    {
        ["cframe"] = CFrame.new(72593.015625000, 0.539251328, -4.194992542, -0.999800682, 0.013613224, -0.014605371, 0.014881621, 0.995777965, -0.090576276, 0.013310677, -0.090775564, -0.995782435),
        ["fov"] = 74.92888641357422
    },
    {
        ["cframe"] = CFrame.new(72593.015625000, 0.539542437, -4.193050861, -0.999800682, 0.013613224, -0.014605371, 0.014881621, 0.995777965, -0.090576276, 0.013310677, -0.090775564, -0.995782435),
        ["fov"] = 74.95453643798828
    },
    {
        ["cframe"] = CFrame.new(72593.015625000, 0.539891958, -4.190721035, -0.999800682, 0.013613205, -0.014605849, 0.014881645, 0.995778441, -0.090576306, 0.013311155, -0.090775609, -0.995782435),
        ["fov"] = 74.98866271972656
    },
    {
        ["cframe"] = CFrame.new(72593.015625000, 0.540299892, -4.188002110, -0.999800682, 0.013613224, -0.014605371, 0.014881621, 0.995777965, -0.090576276, 0.013310677, -0.090775564, -0.995782435),
        ["fov"] = 74.99716186523438
    },
    {
        ["cframe"] = CFrame.new(72602.226562500, 0.037223577, 2.225826025, -0.000000250, 0.000000000, 0.999999940, -0.000000000, 0.999999821, -0.000000000, -0.999999940, -0.000000000, -0.000000250),
        ["fov"] = 60
    },
    {
        ["cframe"] = CFrame.new(72602.226562500, 0.037223577, 2.210390568, -0.000000250, 0.000000000, 0.999999940, -0.000000000, 0.999999821, -0.000000000, -0.999999940, -0.000000000, -0.000000250),
        ["fov"] = 60
    },
    {
        ["cframe"] = CFrame.new(72602.226562500, 0.037223577, 2.160996675, -0.000000250, 0.000000000, 0.999999940, -0.000000000, 0.999999821, -0.000000000, -0.999999940, -0.000000000, -0.000000250),
        ["fov"] = 60
    },
    {
        ["cframe"] = CFrame.new(72602.226562500, 0.037223577, 2.123951197, -0.000000250, 0.000000000, 0.999999940, -0.000000000, 0.999999821, -0.000000000, -0.999999940, -0.000000000, -0.000000250),
        ["fov"] = 60
    },
    {
        ["cframe"] = CFrame.new(72602.226562500, 0.037223577, 2.083818436, -0.000000250, 0.000000000, 0.999999940, -0.000000000, 0.999999821, -0.000000000, -0.999999940, -0.000000000, -0.000000250),
        ["fov"] = 60
    },
    {
        ["cframe"] = CFrame.new(72602.226562500, 0.037223577, 2.040598392, -0.000000250, 0.000000000, 0.999999940, -0.000000000, 0.999999821, -0.000000000, -0.999999940, -0.000000000, -0.000000250),
        ["fov"] = 60
    },
    {
        ["cframe"] = CFrame.new(72602.226562500, 0.037223577, 2.006640434, -0.000000250, 0.000000000, 0.999999940, -0.000000000, 0.999999821, -0.000000000, -0.999999940, -0.000000000, -0.000000250),
        ["fov"] = 60
    },
    {
        ["cframe"] = CFrame.new(72602.226562500, 0.037223577, 1.972682238, -0.000000250, 0.000000000, 0.999999940, -0.000000000, 0.999999821, -0.000000000, -0.999999940, -0.000000000, -0.000000250),
        ["fov"] = 60
    },
    {
        ["cframe"] = CFrame.new(72602.226562500, 0.037223577, 1.938723922, -0.000000250, 0.000000000, 0.999999940, -0.000000000, 0.999999821, -0.000000000, -0.999999940, -0.000000000, -0.000000250),
        ["fov"] = 60
    },
    {
        ["cframe"] = CFrame.new(72602.226562500, 0.037223577, 1.904765725, -0.000000250, 0.000000000, 0.999999940, -0.000000000, 0.999999821, -0.000000000, -0.999999940, -0.000000000, -0.000000250),
        ["fov"] = 60
    },
    {
        ["cframe"] = CFrame.new(72602.226562500, 0.037223577, 1.870807648, -0.000000250, 0.000000000, 0.999999940, -0.000000000, 0.999999821, -0.000000000, -0.999999940, -0.000000000, -0.000000250),
        ["fov"] = 60
    },
    {
        ["cframe"] = CFrame.new(72602.226562500, 0.037223577, 1.833761811, -0.000000250, 0.000000000, 0.999999940, -0.000000000, 0.999999821, -0.000000000, -0.999999940, -0.000000000, -0.000000250),
        ["fov"] = 60
    },
    {
        ["cframe"] = CFrame.new(72602.226562500, 0.037223577, 1.799803734, -0.000000250, 0.000000000, 0.999999940, -0.000000000, 0.999999821, -0.000000000, -0.999999940, -0.000000000, -0.000000250),
        ["fov"] = 60
    },
    {
        ["cframe"] = CFrame.new(72602.226562500, 0.037223577, 1.765845656, -0.000000250, 0.000000000, 0.999999940, -0.000000000, 0.999999821, -0.000000000, -0.999999940, -0.000000000, -0.000000250),
        ["fov"] = 60
    },
    {
        ["cframe"] = CFrame.new(72602.226562500, 0.037223577, 1.731887579, -0.000000250, 0.000000000, 0.999999940, -0.000000000, 0.999999821, -0.000000000, -0.999999940, -0.000000000, -0.000000250),
        ["fov"] = 60
    },
    {
        ["cframe"] = CFrame.new(72602.226562500, 0.037223577, 1.697929263, -0.000000250, 0.000000000, 0.999999940, -0.000000000, 0.999999821, -0.000000000, -0.999999940, -0.000000000, -0.000000250),
        ["fov"] = 60
    },
    {
        ["cframe"] = CFrame.new(72602.226562500, 0.037223577, 1.663971066, -0.000000250, 0.000000000, 0.999999940, -0.000000000, 0.999999821, -0.000000000, -0.999999940, -0.000000000, -0.000000250),
        ["fov"] = 60
    },
    {
        ["cframe"] = CFrame.new(72602.226562500, 0.037223577, 1.630012870, -0.000000250, 0.000000000, 0.999999940, -0.000000000, 0.999999821, -0.000000000, -0.999999940, -0.000000000, -0.000000250),
        ["fov"] = 60
    },
    {
        ["cframe"] = CFrame.new(72602.226562500, 0.037223577, 1.596054912, -0.000000250, 0.000000000, 0.999999940, -0.000000000, 0.999999821, -0.000000000, -0.999999940, -0.000000000, -0.000000250),
        ["fov"] = 60
    },
    {
        ["cframe"] = CFrame.new(72602.226562500, 0.037223577, 1.562096596, -0.000000250, 0.000000000, 0.999999940, -0.000000000, 0.999999821, -0.000000000, -0.999999940, -0.000000000, -0.000000250),
        ["fov"] = 60
    },
    {
        ["cframe"] = CFrame.new(72602.226562500, 0.037223577, 1.525051236, -0.000000250, 0.000000000, 0.999999940, -0.000000000, 0.999999821, -0.000000000, -0.999999940, -0.000000000, -0.000000250),
        ["fov"] = 60
    },
    {
        ["cframe"] = CFrame.new(72602.226562500, 0.037223577, 1.491092801, -0.000000250, 0.000000000, 0.999999940, -0.000000000, 0.999999821, -0.000000000, -0.999999940, -0.000000000, -0.000000250),
        ["fov"] = 60
    },
    {
        ["cframe"] = CFrame.new(72602.226562500, 0.037223577, 1.457134604, -0.000000250, 0.000000000, 0.999999940, -0.000000000, 0.999999821, -0.000000000, -0.999999940, -0.000000000, -0.000000250),
        ["fov"] = 60
    },
    {
        ["cframe"] = CFrame.new(72602.226562500, 0.037223577, 1.420089126, -0.000000250, 0.000000000, 0.999999940, -0.000000000, 0.999999821, -0.000000000, -0.999999940, -0.000000000, -0.000000250),
        ["fov"] = 60
    },
    {
        ["cframe"] = CFrame.new(72602.226562500, 0.037223577, 1.386130929, -0.000000250, 0.000000000, 0.999999940, -0.000000000, 0.999999821, -0.000000000, -0.999999940, -0.000000000, -0.000000250),
        ["fov"] = 60
    },
    {
        ["cframe"] = CFrame.new(72602.226562500, 0.037223577, 1.352172494, -0.000000250, 0.000000000, 0.999999940, -0.000000000, 0.999999821, -0.000000000, -0.999999940, -0.000000000, -0.000000250),
        ["fov"] = 60
    },
    {
        ["cframe"] = CFrame.new(72602.226562500, 0.037223577, 1.315127134, -0.000000250, 0.000000000, 0.999999940, -0.000000000, 0.999999821, -0.000000000, -0.999999940, -0.000000000, -0.000000250),
        ["fov"] = 60
    },
    {
        ["cframe"] = CFrame.new(72602.226562500, 0.037223577, 1.284256101, -0.000000250, 0.000000000, 0.999999940, -0.000000000, 0.999999821, -0.000000000, -0.999999940, -0.000000000, -0.000000250),
        ["fov"] = 60
    },
    {
        ["cframe"] = CFrame.new(72602.226562500, 0.037223577, 1.250297785, -0.000000250, 0.000000000, 0.999999940, -0.000000000, 0.999999821, -0.000000000, -0.999999940, -0.000000000, -0.000000250),
        ["fov"] = 60
    },
    {
        ["cframe"] = CFrame.new(72602.226562500, 0.037223577, 1.216339707, -0.000000250, 0.000000000, 0.999999940, -0.000000000, 0.999999821, -0.000000000, -0.999999940, -0.000000000, -0.000000250),
        ["fov"] = 60
    },
    {
        ["cframe"] = CFrame.new(72602.226562500, 0.037223577, 1.182381511, -0.000000250, 0.000000000, 0.999999940, -0.000000000, 0.999999821, -0.000000000, -0.999999940, -0.000000000, -0.000000250),
        ["fov"] = 60
    },
    {
        ["cframe"] = CFrame.new(72602.226562500, 0.037223577, 1.148423314, -0.000000250, 0.000000000, 0.999999940, -0.000000000, 0.999999821, -0.000000000, -0.999999940, -0.000000000, -0.000000250),
        ["fov"] = 60
    },
    {
        ["cframe"] = CFrame.new(72602.226562500, 0.037223577, 1.114465117, -0.000000250, 0.000000000, 0.999999940, -0.000000000, 0.999999821, -0.000000000, -0.999999940, -0.000000000, -0.000000250),
        ["fov"] = 60
    },
    {
        ["cframe"] = CFrame.new(72602.226562500, 0.037223577, 1.080507040, -0.000000250, 0.000000000, 0.999999940, -0.000000000, 0.999999821, -0.000000000, -0.999999940, -0.000000000, -0.000000250),
        ["fov"] = 60
    },
    {
        ["cframe"] = CFrame.new(72602.226562500, 0.037223577, 1.049153447, -0.000000250, 0.000000000, 0.999999940, -0.000000000, 0.999999821, -0.000000000, -0.999999940, -0.000000000, -0.000000250),
        ["fov"] = 60
    },
    {
        ["cframe"] = CFrame.new(72602.226562500, 0.037223577, 1.035844088, -0.000000250, 0.000000000, 0.999999940, -0.000000000, 0.999999821, -0.000000000, -0.999999940, -0.000000000, -0.000000250),
        ["fov"] = 60
    },
    {
        ["cframe"] = CFrame.new(72602.226562500, 0.037223577, 1.025196671, -0.000000250, 0.000000000, 0.999999940, -0.000000000, 0.999999821, -0.000000000, -0.999999940, -0.000000000, -0.000000250),
        ["fov"] = 60
    },
    {
        ["cframe"] = CFrame.new(72602.226562500, 0.037223577, 1.014549375, -0.000000250, 0.000000000, 0.999999940, -0.000000000, 0.999999821, -0.000000000, -0.999999940, -0.000000000, -0.000000250),
        ["fov"] = 60
    },
    {
        ["cframe"] = CFrame.new(72602.226562500, 0.037223577, 1.003902078, -0.000000250, 0.000000000, 0.999999940, -0.000000000, 0.999999821, -0.000000000, -0.999999940, -0.000000000, -0.000000250),
        ["fov"] = 60
    },
    {
        ["cframe"] = CFrame.new(72602.226562500, 0.037223577, 0.991923571, -0.000000250, 0.000000000, 0.999999940, -0.000000000, 0.999999821, -0.000000000, -0.999999940, -0.000000000, -0.000000250),
        ["fov"] = 60
    },
    {
        ["cframe"] = CFrame.new(72602.226562500, 0.037223577, 0.981276214, -0.000000250, 0.000000000, 0.999999940, -0.000000000, 0.999999821, -0.000000000, -0.999999940, -0.000000000, -0.000000250),
        ["fov"] = 60
    },
    {
        ["cframe"] = CFrame.new(72602.226562500, 0.037223577, 0.970628917, -0.000000250, 0.000000000, 0.999999940, -0.000000000, 0.999999821, -0.000000000, -0.999999940, -0.000000000, -0.000000250),
        ["fov"] = 60
    },
    {
        ["cframe"] = CFrame.new(72602.226562500, 0.037223577, 0.959981501, -0.000000250, 0.000000000, 0.999999940, -0.000000000, 0.999999821, -0.000000000, -0.999999940, -0.000000000, -0.000000250),
        ["fov"] = 60
    },
    {
        ["cframe"] = CFrame.new(72602.226562500, 0.037223577, 0.950664997, -0.000000250, 0.000000000, 0.999999940, -0.000000000, 0.999999821, -0.000000000, -0.999999940, -0.000000000, -0.000000250),
        ["fov"] = 60
    },
    {
        ["cframe"] = CFrame.new(72602.226562500, 0.037223577, 0.941348493, -0.000000250, 0.000000000, 0.999999940, -0.000000000, 0.999999821, -0.000000000, -0.999999940, -0.000000000, -0.000000250),
        ["fov"] = 60
    },
    {
        ["cframe"] = CFrame.new(72602.226562500, 0.037223577, 0.930701077, -0.000000250, 0.000000000, 0.999999940, -0.000000000, 0.999999821, -0.000000000, -0.999999940, -0.000000000, -0.000000250),
        ["fov"] = 60
    },
    {
        ["cframe"] = CFrame.new(72602.226562500, 0.037223577, 0.921384573, -0.000000250, 0.000000000, 0.999999940, -0.000000000, 0.999999821, -0.000000000, -0.999999940, -0.000000000, -0.000000250),
        ["fov"] = 60
    },
    {
        ["cframe"] = CFrame.new(72602.226562500, 0.037223577, 0.909406245, -0.000000250, 0.000000000, 0.999999940, -0.000000000, 0.999999821, -0.000000000, -0.999999940, -0.000000000, -0.000000250),
        ["fov"] = 60
    },
    {
        ["cframe"] = CFrame.new(72602.226562500, 0.037223577, 0.900089681, -0.000000250, 0.000000000, 0.999999940, -0.000000000, 0.999999821, -0.000000000, -0.999999940, -0.000000000, -0.000000250),
        ["fov"] = 60
    },
    {
        ["cframe"] = CFrame.new(72602.226562500, 0.037223577, 0.890773356, -0.000000250, 0.000000000, 0.999999940, -0.000000000, 0.999999821, -0.000000000, -0.999999940, -0.000000000, -0.000000250),
        ["fov"] = 60
    },
    {
        ["cframe"] = CFrame.new(72602.226562500, 0.037223577, 0.880125940, -0.000000250, 0.000000000, 0.999999940, -0.000000000, 0.999999821, -0.000000000, -0.999999940, -0.000000000, -0.000000250),
        ["fov"] = 60
    },
    {
        ["cframe"] = CFrame.new(72602.234375000, 0.037223577, 0.870809495, -0.000000250, 0.000000000, 0.999999940, -0.000000000, 0.999999821, -0.000000000, -0.999999940, -0.000000000, -0.000000250),
        ["fov"] = 60
    },
    {
        ["cframe"] = CFrame.new(72602.234375000, 0.037223577, 0.860162079, -0.000000250, 0.000000000, 0.999999940, -0.000000000, 0.999999821, -0.000000000, -0.999999940, -0.000000000, -0.000000250),
        ["fov"] = 60
    },
    {
        ["cframe"] = CFrame.new(72602.234375000, 0.037223577, 0.850845516, -0.000000250, 0.000000000, 0.999999940, -0.000000000, 0.999999821, -0.000000000, -0.999999940, -0.000000000, -0.000000250),
        ["fov"] = 60
    },
    {
        ["cframe"] = CFrame.new(72602.234375000, 0.037223577, 0.840198159, -0.000000250, 0.000000000, 0.999999940, -0.000000000, 0.999999821, -0.000000000, -0.999999940, -0.000000000, -0.000000250),
        ["fov"] = 60
    },
    {
        ["cframe"] = CFrame.new(72602.234375000, 0.037223577, 0.830881655, -0.000000250, 0.000000000, 0.999999940, -0.000000000, 0.999999821, -0.000000000, -0.999999940, -0.000000000, -0.000000250),
        ["fov"] = 60
    },
    {
        ["cframe"] = CFrame.new(72602.234375000, 0.037223577, 0.820234239, -0.000000250, 0.000000000, 0.999999940, -0.000000000, 0.999999821, -0.000000000, -0.999999940, -0.000000000, -0.000000250),
        ["fov"] = 60
    },
    {
        ["cframe"] = CFrame.new(72602.234375000, 0.037223577, 0.810917854, -0.000000250, 0.000000000, 0.999999940, -0.000000000, 0.999999821, -0.000000000, -0.999999940, -0.000000000, -0.000000250),
        ["fov"] = 60
    },
    {
        ["cframe"] = CFrame.new(72602.234375000, 0.037223577, 0.800270438, -0.000000250, 0.000000000, 0.999999940, -0.000000000, 0.999999821, -0.000000000, -0.999999940, -0.000000000, -0.000000250),
        ["fov"] = 60
    },
    {
        ["cframe"] = CFrame.new(72602.234375000, 0.037223577, 0.790953994, -0.000000250, 0.000000000, 0.999999940, -0.000000000, 0.999999821, -0.000000000, -0.999999940, -0.000000000, -0.000000250),
        ["fov"] = 60
    },
    {
        ["cframe"] = CFrame.new(72602.234375000, 0.037223577, 0.780306518, -0.000000250, 0.000000000, 0.999999940, -0.000000000, 0.999999821, -0.000000000, -0.999999940, -0.000000000, -0.000000250),
        ["fov"] = 60
    },
    {
        ["cframe"] = CFrame.new(72602.234375000, 0.037223577, 0.770990014, -0.000000250, 0.000000000, 0.999999940, -0.000000000, 0.999999821, -0.000000000, -0.999999940, -0.000000000, -0.000000250),
        ["fov"] = 60
    },
    {
        ["cframe"] = CFrame.new(72602.234375000, 0.037223577, 0.760342658, -0.000000250, 0.000000000, 0.999999940, -0.000000000, 0.999999821, -0.000000000, -0.999999940, -0.000000000, -0.000000250),
        ["fov"] = 60
    },
    {
        ["cframe"] = CFrame.new(72602.234375000, 0.037223577, 0.751026094, -0.000000250, 0.000000000, 0.999999940, -0.000000000, 0.999999821, -0.000000000, -0.999999940, -0.000000000, -0.000000250),
        ["fov"] = 60
    },
    {
        ["cframe"] = CFrame.new(72602.234375000, 0.037223577, 0.740378678, -0.000000250, 0.000000000, 0.999999940, -0.000000000, 0.999999821, -0.000000000, -0.999999940, -0.000000000, -0.000000250),
        ["fov"] = 60
    },
    {
        ["cframe"] = CFrame.new(72602.234375000, 0.037223577, 0.729731441, -0.000000250, 0.000000000, 0.999999940, -0.000000000, 0.999999821, -0.000000000, -0.999999940, -0.000000000, -0.000000250),
        ["fov"] = 60
    },
    {
        ["cframe"] = CFrame.new(72602.234375000, 0.037223577, 0.719084024, -0.000000250, 0.000000000, 0.999999940, -0.000000000, 0.999999821, -0.000000000, -0.999999940, -0.000000000, -0.000000250),
        ["fov"] = 60
    },
    {
        ["cframe"] = CFrame.new(72602.234375000, 0.037223577, 0.708436608, -0.000000250, 0.000000000, 0.999999940, -0.000000000, 0.999999821, -0.000000000, -0.999999940, -0.000000000, -0.000000250),
        ["fov"] = 60
    },
    {
        ["cframe"] = CFrame.new(72602.234375000, 0.037223577, 0.697789192, -0.000000250, 0.000000000, 0.999999940, -0.000000000, 0.999999821, -0.000000000, -0.999999940, -0.000000000, -0.000000250),
        ["fov"] = 60
    },
    {
        ["cframe"] = CFrame.new(72602.234375000, 0.037223577, 0.687141836, -0.000000250, 0.000000000, 0.999999940, -0.000000000, 0.999999821, -0.000000000, -0.999999940, -0.000000000, -0.000000250),
        ["fov"] = 60
    },
    {
        ["cframe"] = CFrame.new(72602.242187500, 0.037223577, 0.676494420, -0.000000250, 0.000000000, 0.999999940, -0.000000000, 0.999999821, -0.000000000, -0.999999940, -0.000000000, -0.000000250),
        ["fov"] = 60
    },
    {
        ["cframe"] = CFrame.new(72602.242187500, 0.037223577, 0.660523176, -0.000000250, 0.000000000, 0.999999940, -0.000000000, 0.999999821, -0.000000000, -0.999999940, -0.000000000, -0.000000250),
        ["fov"] = 60
    },
    {
        ["cframe"] = CFrame.new(72602.242187500, 0.037223577, 0.652537704, -0.000000250, 0.000000000, 0.999999940, -0.000000000, 0.999999821, -0.000000000, -0.999999940, -0.000000000, -0.000000250),
        ["fov"] = 60
    },
    {
        ["cframe"] = CFrame.new(72602.242187500, 0.037223577, 0.645883024, -0.000000250, 0.000000000, 0.999999940, -0.000000000, 0.999999821, -0.000000000, -0.999999940, -0.000000000, -0.000000250),
        ["fov"] = 60
    },
    {
        ["cframe"] = CFrame.new(72602.242187500, 0.037223577, 0.635235608, -0.000000250, 0.000000000, 0.999999940, -0.000000000, 0.999999821, -0.000000000, -0.999999940, -0.000000000, -0.000000250),
        ["fov"] = 60
    },
    {
        ["cframe"] = CFrame.new(72602.242187500, 0.037223577, 0.623257279, -0.000000250, 0.000000000, 0.999999940, -0.000000000, 0.999999821, -0.000000000, -0.999999940, -0.000000000, -0.000000250),
        ["fov"] = 60
    },
    {
        ["cframe"] = CFrame.new(72602.242187500, 0.037223577, 0.615271688, -0.000000250, 0.000000000, 0.999999940, -0.000000000, 0.999999821, -0.000000000, -0.999999940, -0.000000000, -0.000000250),
        ["fov"] = 60
    },
    {
        ["cframe"] = CFrame.new(72602.242187500, 0.037223577, 0.605955184, -0.000000250, 0.000000000, 0.999999940, -0.000000000, 0.999999821, -0.000000000, -0.999999940, -0.000000000, -0.000000250),
        ["fov"] = 60
    },
    {
        ["cframe"] = CFrame.new(72602.242187500, 0.037223577, 0.593976915, -0.000000250, 0.000000000, 0.999999940, -0.000000000, 0.999999821, -0.000000000, -0.999999940, -0.000000000, -0.000000250),
        ["fov"] = 60
    },
    {
        ["cframe"] = CFrame.new(72602.242187500, 0.037223577, 0.584660411, -0.000000250, 0.000000000, 0.999999940, -0.000000000, 0.999999821, -0.000000000, -0.999999940, -0.000000000, -0.000000250),
        ["fov"] = 60
    },
    {
        ["cframe"] = CFrame.new(72602.242187500, 0.037223577, 0.571351290, -0.000000250, 0.000000000, 0.999999940, -0.000000000, 0.999999821, -0.000000000, -0.999999940, -0.000000000, -0.000000250),
        ["fov"] = 60
    },
    {
        ["cframe"] = CFrame.new(72592.968750000, -2.466511250, -3.354450941, -0.999932468, -0.004790306, -0.010586583, -0.004791677, 0.999988794, 0.000104242, 0.010585963, 0.000154963, -0.999943972),
        ["fov"] = 60
    },
    {
        ["cframe"] = CFrame.new(72592.968750000, -2.462288857, -3.522813559, -0.999840736, -0.014131844, -0.010898969, -0.014142731, 0.999899566, 0.000922527, 0.010884837, 0.001076522, -0.999940217),
        ["fov"] = 60
    },
    {
        ["cframe"] = CFrame.new(72592.968750000, -2.455596209, -3.622712374, -0.999643028, -0.024192881, -0.011337306, -0.024219308, 0.999704182, 0.002199586, 0.011280740, 0.002473383, -0.999933302),
        ["fov"] = 60
    },
    {
        ["cframe"] = CFrame.new(72592.960937500, -2.447166920, -3.688090563, -0.999311328, -0.035179872, -0.011801314, -0.035226930, 0.999372184, 0.003803462, 0.011660099, 0.004216567, -0.999923110),
        ["fov"] = 60
    },
    {
        ["cframe"] = CFrame.new(72592.960937500, -2.437901020, -3.726702452, -0.998849928, -0.046372414, -0.012181700, -0.046442941, 0.998905063, 0.005571705, 0.011909992, 0.006131051, -0.999910295),
        ["fov"] = 60
    },
    {
        ["cframe"] = CFrame.new(72592.960937500, -2.431337118, -3.741470814, -0.998464465, -0.054012377, -0.012305151, -0.054099198, 0.998511970, 0.006835727, 0.011917629, 0.007490930, -0.999900937),
        ["fov"] = 60
    },
    {
        ["cframe"] = CFrame.new(72592.960937500, -2.422880173, -3.752831459, -0.997890770, -0.063755468, -0.012218123, -0.063861400, 0.997922659, 0.008485156, 0.011651767, 0.009247526, -0.999889374),
        ["fov"] = 60
    },
    {
        ["cframe"] = CFrame.new(72592.960937500, -2.417165756, -3.758583069, -0.997443795, -0.070482954, -0.011748160, -0.070597619, 0.997458220, 0.009648394, 0.011038252, 0.010453123, -0.999884427),
        ["fov"] = 60
    },
    {
        ["cframe"] = CFrame.new(72592.960937500, -2.412869453, -3.768347025, -0.997047126, -0.076046586, -0.010677410, -0.076159522, 0.997039557, 0.010600923, 0.009839633, 0.011382806, -0.999886811),
        ["fov"] = 60
    },
    {
        ["cframe"] = CFrame.new(72592.960937500, -2.412052870, -3.788576841, -0.996882737, -0.078396067, -0.008880652, -0.078491479, 0.996854544, 0.010959620, 0.007993528, 0.011622510, -0.999900520),
        ["fov"] = 60
    },
    {
        ["cframe"] = CFrame.new(72592.960937500, -2.414450645, -3.815471411, -0.996975183, -0.077401817, -0.007036113, -0.077474356, 0.996936738, 0.010699993, 0.006186361, 0.011212745, -0.999917984),
        ["fov"] = 60
    },
    {
        ["cframe"] = CFrame.new(72592.960937500, -2.422002316, -3.873594522, -0.997374535, -0.072322398, -0.003679622, -0.072354734, 0.997332990, 0.009581364, 0.002976861, 0.009822447, -0.999947309),
        ["fov"] = 60
    },
    {
        ["cframe"] = CFrame.new(72592.960937500, -2.431482315, -3.937024593, -0.997876167, -0.065137193, -0.000559146, -0.065139577, 0.997843444, 0.008033306, 0.000034673, 0.008052667, -0.999967575),
        ["fov"] = 60
    },
    {
        ["cframe"] = CFrame.new(72592.960937500, -2.450255394, -4.057460785, -0.998721719, -0.050321225, 0.004762010, -0.050298218, 0.998722792, 0.004833526, -0.004999156, 0.004587827, -0.999976993),
        ["fov"] = 60
    },
    {
        ["cframe"] = CFrame.new(72592.968750000, -2.472934246, -4.201133728, -0.999438226, -0.031873252, 0.010360963, -0.031867053, 0.999491930, 0.000762529, -0.010380003, 0.000431927, -0.999946058),
        ["fov"] = 60
    },
    {
        ["cframe"] = CFrame.new(72592.968750000, -2.498437405, -4.371551991, -0.999815822, -0.009721874, 0.016545618, -0.009793931, 0.999942720, -0.004279569, -0.016503068, -0.004440827, -0.999853969),
        ["fov"] = 60
    },
    {
        ["cframe"] = CFrame.new(72592.968750000, -2.522139549, -4.583378315, -0.999554455, 0.017820060, 0.023945188, 0.017562333, 0.999785960, -0.010930754, -0.024134850, -0.010505350, -0.999653518),
        ["fov"] = 60
    },
    {
        ["cframe"] = CFrame.new(72592.968750000, -2.529361010, -4.749996662, -0.998787940, 0.039235793, 0.029719003, 0.038755924, 0.999111533, -0.016554523, -0.030342128, -0.015382671, -0.999421239),
        ["fov"] = 60
    },
    {
        ["cframe"] = CFrame.new(72592.968750000, -2.523985624, -4.907028198, -0.997626722, 0.059159704, 0.035229761, 0.058398798, 0.998045146, -0.022250015, -0.036477204, -0.020139834, -0.999131560),
        ["fov"] = 60
    },
    {
        ["cframe"] = CFrame.new(72592.968750000, -2.513399124, -4.998686790, -0.996713281, 0.071433790, 0.038206797, 0.070490621, 0.997186780, -0.025489969, -0.039920155, -0.022712972, -0.998944640),
        ["fov"] = 60
    },
    {
        ["cframe"] = CFrame.new(72592.968750000, -2.499662399, -5.059925556, -0.995883703, 0.081614792, 0.039430387, 0.080588073, 0.996382952, -0.026964385, -0.041488446, -0.023675773, -0.998858452),
        ["fov"] = 60
    },
    {
        ["cframe"] = CFrame.new(72592.968750000, -2.489387751, -5.088139057, -0.995344579, 0.087949358, 0.039421335, 0.086922981, 0.995848000, -0.027037907, -0.041635625, -0.023485415, -0.998856783),
        ["fov"] = 60
    },
    {
        ["cframe"] = CFrame.new(72592.968750000, -2.479744673, -5.113061428, -0.994808257, 0.093825109, 0.039411597, 0.092802964, 0.995317876, -0.027013907, -0.041761652, -0.023216145, -0.998857796),
        ["fov"] = 60
    },
    {
        ["cframe"] = CFrame.new(72592.968750000, -2.472306490, -5.130991936, -0.994376302, 0.098300830, 0.039404858, 0.097285360, 0.994892657, -0.026913308, -0.041849200, -0.022928441, -0.998860836),
        ["fov"] = 60
    },
    {
        ["cframe"] = CFrame.new(72592.968750000, -2.466244221, -5.144544125, -0.994013846, 0.101901919, 0.039401013, 0.100895151, 0.994537354, -0.026752749, -0.041911934, -0.022617232, -0.998865247),
        ["fov"] = 60
    },
    {
        ["cframe"] = CFrame.new(72592.968750000, -2.462370396, -5.152900696, -0.993776858, 0.104187720, 0.039401025, 0.103188552, 0.994306087, -0.026600521, -0.041948125, -0.022369249, -0.998869300),
        ["fov"] = 60
    },
    {
        ["cframe"] = CFrame.new(72592.968750000, -2.460287094, -5.158260822, -0.993643522, 0.105449952, 0.039406452, 0.104454763, 0.994175851, -0.026518699, -0.041973341, -0.022233943, -0.998871326),
        ["fov"] = 60
    },
    {
        ["cframe"] = CFrame.new(72592.968750000, -2.459594727, -5.162828445, -0.993586838, 0.105980195, 0.039412696, 0.104983173, 0.994118810, -0.026565945, -0.041996378, -0.022257902, -0.998869777),
        ["fov"] = 60
    },
    {
        ["cframe"] = CFrame.new(72592.968750000, -2.459988117, -5.169791698, -0.993577480, 0.106062911, 0.039427120, 0.105053611, 0.994104385, -0.026851021, -0.042042557, -0.022536607, -0.998861611),
        ["fov"] = 60
    },
    {
        ["cframe"] = CFrame.new(72592.960937500, -2.460790634, -5.178277016, -0.993584096, 0.105994642, 0.039442316, 0.104967147, 0.994101763, -0.027274027, -0.042100571, -0.022958895, -0.998849511),
        ["fov"] = 60
    },
    {
        ["cframe"] = CFrame.new(72592.960937500, -2.462303877, -5.198500156, -0.993597746, 0.105859503, 0.039461676, 0.104796439, 0.994096756, -0.028104587, -0.042203847, -0.023789212, -0.998825729),
        ["fov"] = 60
    },
    {
        ["cframe"] = CFrame.new(72592.960937500, -2.462857246, -5.210718155, -0.993602693, 0.105809525, 0.039471794, 0.104732960, 0.994094133, -0.028417476, -0.042245526, -0.024101680, -0.998816490),
        ["fov"] = 60
    },
    {
        ["cframe"] = CFrame.new(72592.960937500, -2.463279247, -5.243709087, -0.993606567, 0.105771147, 0.039477222, 0.104683839, 0.994092464, -0.028667713, -0.042276219, -0.024351802, -0.998809159),
        ["fov"] = 60
    },
    {
        ["cframe"] = CFrame.new(72592.960937500, -2.462709427, -5.265723228, -0.993601561, 0.105822019, 0.039466705, 0.104748137, 0.994094372, -0.028357213, -0.042234447, -0.024041709, -0.998818398),
        ["fov"] = 60
    },
    {
        ["cframe"] = CFrame.new(72592.968750000, -2.460503340, -5.303622246, -0.993581712, 0.106019743, 0.039435975, 0.104998432, 0.994102478, -0.027130948, -0.042079806, -0.022816099, -0.998853743),
        ["fov"] = 60
    },
    {
        ["cframe"] = CFrame.new(72592.968750000, -2.456857920, -5.342217922, -0.993548751, 0.106346458, 0.039386477, 0.105412185, 0.994112074, -0.025088564, -0.041822653, -0.020774895, -0.998909056),
        ["fov"] = 60
    },
    {
        ["cframe"] = CFrame.new(72592.968750000, -2.452625275, -5.378042698, -0.993510544, 0.106722757, 0.039331872, 0.105888948, 0.994118989, -0.022711620, -0.041524392, -0.018399423, -0.998968065),
        ["fov"] = 60
    },
    {
        ["cframe"] = CFrame.new(72592.968750000, -2.448548317, -5.408786297, -0.993473947, 0.107081473, 0.039281540, 0.106343746, 0.994119883, -0.020418223, -0.041236967, -0.016107628, -0.999019563),
        ["fov"] = 60
    },
    {
        ["cframe"] = CFrame.new(72592.968750000, -2.442858219, -5.447484970, -0.993423522, 0.107571736, 0.039217934, 0.106966838, 0.994113445, -0.017215356, -0.040838964, -0.012907122, -0.999082386),
        ["fov"] = 60
    },
    {
        ["cframe"] = CFrame.new(72592.968750000, -2.437439919, -5.480883121, -0.993376732, 0.108021162, 0.039167635, 0.107541315, 0.994099736, -0.014163726, -0.040466517, -0.009857777, -0.999132276),
        ["fov"] = 60
    },
    {
        ["cframe"] = CFrame.new(72592.976562500, -2.433409691, -5.503200054, -0.993343830, 0.108332835, 0.039140098, 0.107945167, 0.994085968, -0.011892015, -0.040196911, -0.007587876, -0.999162972),
        ["fov"] = 60
    },
    {
        ["cframe"] = CFrame.new(72592.984375000, -2.430416107, -5.517319679, -0.993322372, 0.108531870, 0.039133515, 0.108212121, 0.994075656, -0.010204537, -0.040009182, -0.005901674, -0.999181867),
        ["fov"] = 60
    },
    {
        ["cframe"] = CFrame.new(72592.992187500, -2.418595791, -5.521456242, -0.993312895, 0.108553030, 0.039315455, 0.108306311, 0.994082570, -0.008358020, -0.039990090, -0.004044017, -0.999191880),
        ["fov"] = 60
    },
    {
        ["cframe"] = CFrame.new(72593.015625000, -2.188633442, -5.511171818, -0.993257523, 0.107634179, 0.043062747, 0.108310096, 0.994023383, 0.013676728, -0.041333281, 0.018248642, -0.998978734),
        ["fov"] = 60
    },
    {
        ["cframe"] = CFrame.new(72593.054687500, -0.366618633, -5.745331287, -0.994853854, 0.101233736, -0.004186378, 0.095231906, 0.948381543, 0.302495629, 0.034593042, 0.300540298, -0.953141570),
        ["fov"] = 55
    },
    {
        ["cframe"] = CFrame.new(72592.867187500, 2.216081619, -6.535591125, -0.995321751, 0.093053699, -0.025991431, 0.037736185, 0.622073174, 0.782049060, 0.088941142, 0.777409673, -0.622674584),
        ["fov"] = 55
    },
    {
        ["cframe"] = CFrame.new(72592.898437500, 2.624652863, -6.428783417, -0.995284736, 0.092338741, -0.029696859, 0.037747450, 0.650756121, 0.758347869, 0.089350313, 0.753651023, -0.651173234),
        ["fov"] = 55
    },
    {
        ["cframe"] = CFrame.new(72592.945312500, 2.839738846, -6.227780342, -0.995283663, 0.091212809, -0.033025570, 0.040372740, 0.699034274, 0.713947892, 0.088207193, 0.709247351, -0.699419618),
        ["fov"] = 55
    },
    {
        ["cframe"] = CFrame.new(72592.992187500, 2.899890900, -6.023031235, -0.995253444, 0.090100020, -0.036777820, 0.042239632, 0.740408242, 0.670829237, 0.087672323, 0.666091621, -0.740699291),
        ["fov"] = 55
    },
    {
        ["cframe"] = CFrame.new(72593.023437500, 2.907310963, -5.854417801, -0.995135427, 0.089167811, -0.041887965, 0.041743249, 0.766776145, 0.640555739, 0.089235663, 0.635691166, -0.766768336),
        ["fov"] = 55
    },
    {
        ["cframe"] = CFrame.new(72593.039062500, 2.910560131, -5.773243427, -0.994991243, 0.088716768, -0.046062477, 0.039926738, 0.775156617, 0.630505741, 0.091642097, 0.625508606, -0.774816513),
        ["fov"] = 55
    },
    {
        ["cframe"] = CFrame.new(72593.054687500, 2.927354336, -5.643113613, -0.994525433, 0.087829992, -0.056613002, 0.033241302, 0.779553235, 0.625453711, 0.099066421, 0.620147705, -0.778204799),
        ["fov"] = 55
    },
    {
        ["cframe"] = CFrame.new(72593.054687500, 2.941385269, -5.590828419, -0.994211137, 0.087297432, -0.062637173, 0.028605428, 0.776994586, 0.628856778, 0.103566334, 0.623424649, -0.774994016),
        ["fov"] = 55
    },
    {
        ["cframe"] = CFrame.new(72593.039062500, 2.976258755, -5.513741970, -0.993563771, 0.085999198, -0.073723473, 0.018825706, 0.767156780, 0.641183972, 0.111698732, 0.635669231, -0.763837814),
        ["fov"] = 55
    },
    {
        ["cframe"] = CFrame.new(72593.023437500, 3.016672134, -5.455518723, -0.992966175, 0.084300563, -0.083135918, 0.009336956, 0.755739152, 0.654806554, 0.118029602, 0.649424493, -0.751210272),
        ["fov"] = 55
    },
    {
        ["cframe"] = CFrame.new(72592.992187500, 3.076649189, -5.390251637, -0.992313862, 0.081281751, -0.093309112, -0.002344914, 0.741545141, 0.670898855, 0.123724759, 0.665960968, -0.735654950),
        ["fov"] = 55
    },
    {
