return {
    {
        ["cframe"] = CFrame.new(61981.843750000, 1.174407005, -3.601598740, -0.998630404, -0.048923135, -0.018543687, -0.049603034, 0.998039067, 0.038174000, 0.016639736, 0.039041542, -0.999099016),
        ["fov"] = 74.42809295654297
    },
    {
        ["cframe"] = CFrame.new(61981.968750000, 0.788392782, -3.828783274, -0.999408007, 0.014840327, -0.031039190, 0.014149062, 0.999649704, 0.022373013, 0.031360332, 0.021920593, -0.999267757),
        ["fov"] = 70.52770233154297
    },
    {
        ["cframe"] = CFrame.new(61981.984375000, 0.784881592, -4.683994293, -0.999887466, 0.014931708, 0.001451491, 0.014931765, 0.981174350, 0.192546949, 0.001450889, 0.192546949, -0.981286705),
        ["fov"] = 65
    },
    {
        ["cframe"] = CFrame.new(61981.984375000, 0.784881592, -4.683994293, -0.999887466, 0.014931708, 0.001451491, 0.014931765, 0.981174350, 0.192546949, 0.001450889, 0.192546949, -0.981286705),
        ["fov"] = 65
    },
    {
        ["cframe"] = CFrame.new(61981.984375000, 0.671724081, -4.449697018, -0.999846339, 0.015382756, -0.008411087, 0.014474672, 0.994978070, 0.099042460, 0.009892392, 0.098905489, -0.995047688),
        ["fov"] = 67.16915130615234
    },
    {
        ["cframe"] = CFrame.new(61981.980468750, 0.558308363, -4.213617325, -0.999825954, 0.014881904, -0.011251800, 0.014834790, 0.999880791, 0.004259205, 0.011313844, 0.004091545, -0.999927640),
        ["fov"] = 68.7115478515625
    },
    {
        ["cframe"] = CFrame.new(61981.980468750, 0.558308363, -4.213617325, -0.999825954, 0.014881904, -0.011251800, 0.014834790, 0.999880791, 0.004259205, 0.011313844, 0.004091545, -0.999927640),
        ["fov"] = 69.2591781616211
    },
    {
        ["cframe"] = CFrame.new(61982.011718750, 0.524244070, -4.211797714, -0.999800682, 0.013613224, -0.014605371, 0.014881621, 0.995777965, -0.090576276, 0.013310677, -0.090775564, -0.995782435),
        ["fov"] = 70.52770233154297
    },
    {
        ["cframe"] = CFrame.new(61982.058593750, 0.478951931, -4.208829880, -0.999800682, 0.013613224, -0.014605371, 0.014881621, 0.995777965, -0.090576276, 0.013310677, -0.090775564, -0.995782435),
        ["fov"] = 70.8708724975586
    },
    {
        ["cframe"] = CFrame.new(61982.058593750, 0.478951931, -4.208829880, -0.999800682, 0.013613224, -0.014605371, 0.014881621, 0.995777965, -0.090576276, 0.013310677, -0.090775564, -0.995782435),
        ["fov"] = 71.18589782714844
    },
    {
        ["cframe"] = CFrame.new(61981.968750000, 0.528892756, -4.211985588, -0.999800682, 0.013613224, -0.014605371, 0.014881621, 0.995777965, -0.090576276, 0.013310677, -0.090775564, -0.995782435),
        ["fov"] = 71.47689056396484
    },
    {
        ["cframe"] = CFrame.new(61981.992187500, 0.538096666, -4.212981224, -0.999800682, 0.013613205, -0.014605849, 0.014881645, 0.995778441, -0.090576306, 0.013311155, -0.090775609, -0.995782435),
        ["fov"] = 71.99853515625
    },
    {
        ["cframe"] = CFrame.new(61982.054687500, 0.565711737, -4.215969086, -0.999800682, 0.013613224, -0.014605371, 0.014881621, 0.995777965, -0.090576276, 0.013310677, -0.090775564, -0.995782435),
        ["fov"] = 72.23355102539062
    },
    {
        ["cframe"] = CFrame.new(61982.054687500, 0.565711737, -4.215969086, -0.999800682, 0.013613224, -0.014605371, 0.014881621, 0.995777965, -0.090576276, 0.013310677, -0.090775564, -0.995782435),
        ["fov"] = 72.45355987548828
    },
    {
        ["cframe"] = CFrame.new(61982.003906250, 0.519154549, -4.211518764, -0.999800682, 0.013613205, -0.014605849, 0.014881645, 0.995778441, -0.090576306, 0.013311155, -0.090775609, -0.995782435),
        ["fov"] = 72.85353088378906
    },
    {
        ["cframe"] = CFrame.new(61981.988281250, 0.539884567, -4.212762356, -0.999800682, 0.013613224, -0.014605371, 0.014881621, 0.995777965, -0.090576276, 0.013310677, -0.090775564, -0.995782435),
        ["fov"] = 73.03549194335938
    },
    {
        ["cframe"] = CFrame.new(61981.980468750, 0.546794891, -4.213177204, -0.999800682, 0.013613224, -0.014605371, 0.014881621, 0.995777965, -0.090576276, 0.013310677, -0.090775564, -0.995782435),
        ["fov"] = 73.2065200805664
    },
    {
        ["cframe"] = CFrame.new(61982.000000000, 0.541894674, -4.213070869, -0.999800682, 0.013613224, -0.014605371, 0.014881621, 0.995777965, -0.090576276, 0.013310677, -0.090775564, -0.995782435),
        ["fov"] = 73.51835632324219
    },
    {
        ["cframe"] = CFrame.new(61982.019531250, 0.536994219, -4.212964535, -0.999800682, 0.013613224, -0.014605371, 0.014881621, 0.995777965, -0.090576276, 0.013310677, -0.090775564, -0.995782435),
        ["fov"] = 73.6602554321289
    },
    {
        ["cframe"] = CFrame.new(61982.007812500, 0.536133528, -4.212768078, -0.999800682, 0.013613224, -0.014605371, 0.014881621, 0.995777965, -0.090576276, 0.013310677, -0.090775564, -0.995782435),
        ["fov"] = 73.91825103759766
    },
    {
        ["cframe"] = CFrame.new(61982.007812500, 0.536133528, -4.212768078, -0.999800682, 0.013613224, -0.014605371, 0.014881621, 0.995777965, -0.090576276, 0.013310677, -0.090775564, -0.995782435),
        ["fov"] = 74.03507995605469
    },
    {
        ["cframe"] = CFrame.new(61982.011718750, 0.536571264, -4.212859154, -0.999800682, 0.013613224, -0.014605371, 0.014881621, 0.995777965, -0.090576276, 0.013310677, -0.090775564, -0.995782435),
        ["fov"] = 74.14422607421875
    },
    {
        ["cframe"] = CFrame.new(61982.011718750, 0.536920547, -4.210529327, -0.999800682, 0.013613224, -0.014605371, 0.014881621, 0.995777965, -0.090576276, 0.013310677, -0.090775564, -0.995782435),
        ["fov"] = 74.34049987792969
    },
    {
        ["cframe"] = CFrame.new(61982.011718750, 0.537211895, -4.208588123, -0.999800682, 0.013613224, -0.014605371, 0.014881621, 0.995777965, -0.090576276, 0.013310677, -0.090775564, -0.995782435),
        ["fov"] = 74.42809295654297
    },
    {
        ["cframe"] = CFrame.new(61982.011718750, 0.537561655, -4.206255913, -0.999800682, 0.013613224, -0.014605371, 0.014881621, 0.995777965, -0.090576276, 0.013310677, -0.090775564, -0.995782435),
        ["fov"] = 74.58314514160156
    },
    {
        ["cframe"] = CFrame.new(61982.011718750, 0.537911177, -4.203926563, -0.999800682, 0.013613224, -0.014605371, 0.014881621, 0.995777965, -0.090576276, 0.013310677, -0.090775564, -0.995782435),
        ["fov"] = 74.65093994140625
    },
    {
        ["cframe"] = CFrame.new(61982.011718750, 0.538202524, -4.201983929, -0.999800682, 0.013613224, -0.014605371, 0.014881621, 0.995777965, -0.090576276, 0.013310677, -0.090775564, -0.995782435),
        ["fov"] = 74.76770782470703
    },
    {
        ["cframe"] = CFrame.new(61982.011718750, 0.538493872, -4.200042248, -0.999800682, 0.013613224, -0.014605371, 0.014881621, 0.995777965, -0.090576276, 0.013310677, -0.090775564, -0.995782435),
        ["fov"] = 74.81690979003906
    },
    {
        ["cframe"] = CFrame.new(61982.011718750, 0.538843393, -4.197712421, -0.999800682, 0.013613224, -0.014605371, 0.014881621, 0.995777965, -0.090576276, 0.013310677, -0.090775564, -0.995782435),
        ["fov"] = 74.8601303100586
    },
    {
        ["cframe"] = CFrame.new(61982.011718750, 0.539192915, -4.195380211, -0.999800682, 0.013613224, -0.014605371, 0.014881621, 0.995777965, -0.090576276, 0.013310677, -0.090775564, -0.995782435),
        ["fov"] = 74.92888641357422
    },
    {
        ["cframe"] = CFrame.new(61982.011718750, 0.539484262, -4.193439484, -0.999800682, 0.013613224, -0.014605371, 0.014881621, 0.995777965, -0.090576276, 0.013310677, -0.090775564, -0.995782435),
        ["fov"] = 74.95453643798828
    },
    {
        ["cframe"] = CFrame.new(61982.011718750, 0.539891958, -4.190721035, -0.999800682, 0.013613224, -0.014605371, 0.014881621, 0.995777965, -0.090576276, 0.013310677, -0.090775564, -0.995782435),
        ["fov"] = 74.98866271972656
    },
    {
        ["cframe"] = CFrame.new(61982.011718750, 0.540183306, -4.188778400, -0.999800682, 0.013613224, -0.014605371, 0.014881621, 0.995777965, -0.090576276, 0.013310677, -0.090775564, -0.995782435),
        ["fov"] = 74.99716186523438
    },
    {
        ["cframe"] = CFrame.new(61982.011718750, 0.540532827, -4.186449528, -0.999800682, 0.013613224, -0.014605371, 0.014881621, 0.995777965, -0.090576276, 0.013310677, -0.090775564, -0.995782435),
        ["fov"] = 60
    },
    {
        ["cframe"] = CFrame.new(61991.222656250, 0.037223577, 2.219651461, -0.000000250, 0.000000000, 0.999999940, -0.000000000, 0.999999821, -0.000000000, -0.999999940, -0.000000000, -0.000000250),
        ["fov"] = 60
    },
    {
        ["cframe"] = CFrame.new(61991.222656250, 0.037223577, 2.201128721, -0.000000250, 0.000000000, 0.999999940, -0.000000000, 0.999999821, -0.000000000, -0.999999940, -0.000000000, -0.000000250),
        ["fov"] = 60
    },
    {
        ["cframe"] = CFrame.new(61991.222656250, 0.037223577, 2.182605743, -0.000000250, 0.000000000, 0.999999940, -0.000000000, 0.999999821, -0.000000000, -0.999999940, -0.000000000, -0.000000250),
        ["fov"] = 60
    },
    {
        ["cframe"] = CFrame.new(61991.222656250, 0.037223577, 2.148647547, -0.000000250, 0.000000000, 0.999999940, -0.000000000, 0.999999821, -0.000000000, -0.999999940, -0.000000000, -0.000000250),
        ["fov"] = 60
    },
    {
        ["cframe"] = CFrame.new(61991.222656250, 0.037223577, 2.111602068, -0.000000250, 0.000000000, 0.999999940, -0.000000000, 0.999999821, -0.000000000, -0.999999940, -0.000000000, -0.000000250),
        ["fov"] = 60
    },
    {
        ["cframe"] = CFrame.new(61991.222656250, 0.037223577, 2.074556351, -0.000000250, 0.000000000, 0.999999940, -0.000000000, 0.999999821, -0.000000000, -0.999999940, -0.000000000, -0.000000250),
        ["fov"] = 60
    },
    {
        ["cframe"] = CFrame.new(61991.222656250, 0.037223577, 2.040598154, -0.000000250, 0.000000000, 0.999999940, -0.000000000, 0.999999821, -0.000000000, -0.999999940, -0.000000000, -0.000000250),
        ["fov"] = 60
    },
    {
        ["cframe"] = CFrame.new(61991.222656250, 0.037223577, 2.003552675, -0.000000250, 0.000000000, 0.999999940, -0.000000000, 0.999999821, -0.000000000, -0.999999940, -0.000000000, -0.000000250),
        ["fov"] = 60
    },
    {
        ["cframe"] = CFrame.new(61991.222656250, 0.037223577, 1.969594479, -0.000000250, 0.000000000, 0.999999940, -0.000000000, 0.999999821, -0.000000000, -0.999999940, -0.000000000, -0.000000250),
        ["fov"] = 60
    },
    {
        ["cframe"] = CFrame.new(61991.222656250, 0.037223577, 1.932548642, -0.000000250, 0.000000000, 0.999999940, -0.000000000, 0.999999821, -0.000000000, -0.999999940, -0.000000000, -0.000000250),
        ["fov"] = 60
    },
    {
        ["cframe"] = CFrame.new(61991.222656250, 0.037223577, 1.898590684, -0.000000250, 0.000000000, 0.999999940, -0.000000000, 0.999999821, -0.000000000, -0.999999940, -0.000000000, -0.000000250),
        ["fov"] = 60
    },
    {
        ["cframe"] = CFrame.new(61991.222656250, 0.037223577, 1.861544967, -0.000000250, 0.000000000, 0.999999940, -0.000000000, 0.999999821, -0.000000000, -0.999999940, -0.000000000, -0.000000250),
        ["fov"] = 60
    },
    {
        ["cframe"] = CFrame.new(61991.222656250, 0.037223577, 1.827586770, -0.000000250, 0.000000000, 0.999999940, -0.000000000, 0.999999821, -0.000000000, -0.999999940, -0.000000000, -0.000000250),
        ["fov"] = 60
    },
    {
        ["cframe"] = CFrame.new(61991.222656250, 0.037223577, 1.790541291, -0.000000250, 0.000000000, 0.999999940, -0.000000000, 0.999999821, -0.000000000, -0.999999940, -0.000000000, -0.000000250),
        ["fov"] = 60
    },
    {
        ["cframe"] = CFrame.new(61991.222656250, 0.037223577, 1.753495574, -0.000000250, 0.000000000, 0.999999940, -0.000000000, 0.999999821, -0.000000000, -0.999999940, -0.000000000, -0.000000250),
        ["fov"] = 60
    },
    {
        ["cframe"] = CFrame.new(61991.222656250, 0.037223577, 1.719537377, -0.000000250, 0.000000000, 0.999999940, -0.000000000, 0.999999821, -0.000000000, -0.999999940, -0.000000000, -0.000000250),
        ["fov"] = 60
    },
    {
        ["cframe"] = CFrame.new(61991.222656250, 0.037223577, 1.682491899, -0.000000250, 0.000000000, 0.999999940, -0.000000000, 0.999999821, -0.000000000, -0.999999940, -0.000000000, -0.000000250),
        ["fov"] = 60
    },
    {
        ["cframe"] = CFrame.new(61991.222656250, 0.037223577, 1.642359138, -0.000000250, 0.000000000, 0.999999940, -0.000000000, 0.999999821, -0.000000000, -0.999999940, -0.000000000, -0.000000250),
        ["fov"] = 60
    },
    {
        ["cframe"] = CFrame.new(61991.222656250, 0.037223577, 1.611488104, -0.000000250, 0.000000000, 0.999999940, -0.000000000, 0.999999821, -0.000000000, -0.999999940, -0.000000000, -0.000000250),
        ["fov"] = 60
    },
    {
        ["cframe"] = CFrame.new(61991.222656250, 0.037223577, 1.574442625, -0.000000250, 0.000000000, 0.999999940, -0.000000000, 0.999999821, -0.000000000, -0.999999940, -0.000000000, -0.000000250),
        ["fov"] = 60
    },
    {
        ["cframe"] = CFrame.new(61991.222656250, 0.037223577, 1.537396789, -0.000000250, 0.000000000, 0.999999940, -0.000000000, 0.999999821, -0.000000000, -0.999999940, -0.000000000, -0.000000250),
        ["fov"] = 60
    },
    {
        ["cframe"] = CFrame.new(61991.222656250, 0.037223577, 1.503438711, -0.000000250, 0.000000000, 0.999999940, -0.000000000, 0.999999821, -0.000000000, -0.999999940, -0.000000000, -0.000000250),
        ["fov"] = 60
    },
    {
        ["cframe"] = CFrame.new(61991.222656250, 0.037223577, 1.466392875, -0.000000250, 0.000000000, 0.999999940, -0.000000000, 0.999999821, -0.000000000, -0.999999940, -0.000000000, -0.000000250),
        ["fov"] = 60
    },
    {
        ["cframe"] = CFrame.new(61991.222656250, 0.037223577, 1.432434797, -0.000000250, 0.000000000, 0.999999940, -0.000000000, 0.999999821, -0.000000000, -0.999999940, -0.000000000, -0.000000250),
        ["fov"] = 60
    },
    {
        ["cframe"] = CFrame.new(61991.222656250, 0.037223577, 1.395389318, -0.000000250, 0.000000000, 0.999999940, -0.000000000, 0.999999821, -0.000000000, -0.999999940, -0.000000000, -0.000000250),
        ["fov"] = 60
    },
    {
        ["cframe"] = CFrame.new(61991.222656250, 0.037223577, 1.358343720, -0.000000250, 0.000000000, 0.999999940, -0.000000000, 0.999999821, -0.000000000, -0.999999940, -0.000000000, -0.000000250),
        ["fov"] = 60
    },
    {
        ["cframe"] = CFrame.new(61991.222656250, 0.037223577, 1.324385524, -0.000000250, 0.000000000, 0.999999940, -0.000000000, 0.999999821, -0.000000000, -0.999999940, -0.000000000, -0.000000250),
        ["fov"] = 60
    },
    {
        ["cframe"] = CFrame.new(61991.222656250, 0.037223577, 1.287339926, -0.000000250, 0.000000000, 0.999999940, -0.000000000, 0.999999821, -0.000000000, -0.999999940, -0.000000000, -0.000000250),
        ["fov"] = 60
    },
    {
        ["cframe"] = CFrame.new(61991.222656250, 0.037223577, 1.250294209, -0.000000250, 0.000000000, 0.999999940, -0.000000000, 0.999999821, -0.000000000, -0.999999940, -0.000000000, -0.000000250),
        ["fov"] = 60
    },
    {
        ["cframe"] = CFrame.new(61991.222656250, 0.037223577, 1.207074642, -0.000000250, 0.000000000, 0.999999940, -0.000000000, 0.999999821, -0.000000000, -0.999999940, -0.000000000, -0.000000250),
        ["fov"] = 60
    },
    {
        ["cframe"] = CFrame.new(61991.222656250, 0.037223577, 1.163854837, -0.000000250, 0.000000000, 0.999999940, -0.000000000, 0.999999821, -0.000000000, -0.999999940, -0.000000000, -0.000000250),
        ["fov"] = 60
    },
    {
        ["cframe"] = CFrame.new(61991.222656250, 0.037223577, 1.126809239, -0.000000250, 0.000000000, 0.999999940, -0.000000000, 0.999999821, -0.000000000, -0.999999940, -0.000000000, -0.000000250),
        ["fov"] = 60
    },
    {
        ["cframe"] = CFrame.new(61991.222656250, 0.037223577, 1.095938087, -0.000000250, 0.000000000, 0.999999940, -0.000000000, 0.999999821, -0.000000000, -0.999999940, -0.000000000, -0.000000250),
        ["fov"] = 60
    },
    {
        ["cframe"] = CFrame.new(61991.222656250, 0.037223577, 1.074328184, -0.000000250, 0.000000000, 0.999999940, -0.000000000, 0.999999821, -0.000000000, -0.999999940, -0.000000000, -0.000000250),
        ["fov"] = 60
    },
    {
        ["cframe"] = CFrame.new(61991.222656250, 0.037223577, 1.054475188, -0.000000250, 0.000000000, 0.999999940, -0.000000000, 0.999999821, -0.000000000, -0.999999940, -0.000000000, -0.000000250),
        ["fov"] = 60
    },
    {
        ["cframe"] = CFrame.new(61991.222656250, 0.037223577, 1.045158625, -0.000000250, 0.000000000, 0.999999940, -0.000000000, 0.999999821, -0.000000000, -0.999999940, -0.000000000, -0.000000250),
        ["fov"] = 60
    },
    {
        ["cframe"] = CFrame.new(61991.222656250, 0.037223577, 1.035842180, -0.000000250, 0.000000000, 0.999999940, -0.000000000, 0.999999821, -0.000000000, -0.999999940, -0.000000000, -0.000000250),
        ["fov"] = 60
    },
    {
        ["cframe"] = CFrame.new(61991.222656250, 0.037223577, 1.026525617, -0.000000250, 0.000000000, 0.999999940, -0.000000000, 0.999999821, -0.000000000, -0.999999940, -0.000000000, -0.000000250),
        ["fov"] = 60
    },
    {
        ["cframe"] = CFrame.new(61991.222656250, 0.037223577, 1.017209172, -0.000000250, 0.000000000, 0.999999940, -0.000000000, 0.999999821, -0.000000000, -0.999999940, -0.000000000, -0.000000250),
        ["fov"] = 60
    },
    {
        ["cframe"] = CFrame.new(61991.226562500, 0.037223577, 1.007892728, -0.000000250, 0.000000000, 0.999999940, -0.000000000, 0.999999821, -0.000000000, -0.999999940, -0.000000000, -0.000000250),
        ["fov"] = 60
    },
    {
        ["cframe"] = CFrame.new(61991.226562500, 0.037223577, 0.999907076, -0.000000250, 0.000000000, 0.999999940, -0.000000000, 0.999999821, -0.000000000, -0.999999940, -0.000000000, -0.000000250),
        ["fov"] = 60
    },
    {
        ["cframe"] = CFrame.new(61991.226562500, 0.037223577, 0.990590513, -0.000000250, 0.000000000, 0.999999940, -0.000000000, 0.999999821, -0.000000000, -0.999999940, -0.000000000, -0.000000250),
        ["fov"] = 60
    },
    {
        ["cframe"] = CFrame.new(61991.226562500, 0.037223577, 0.979943216, -0.000000250, 0.000000000, 0.999999940, -0.000000000, 0.999999821, -0.000000000, -0.999999940, -0.000000000, -0.000000250),
        ["fov"] = 60
    },
    {
        ["cframe"] = CFrame.new(61991.226562500, 0.037223577, 0.971957684, -0.000000250, 0.000000000, 0.999999940, -0.000000000, 0.999999821, -0.000000000, -0.999999940, -0.000000000, -0.000000250),
        ["fov"] = 60
    },
    {
        ["cframe"] = CFrame.new(61991.226562500, 0.037223577, 0.962641180, -0.000000250, 0.000000000, 0.999999940, -0.000000000, 0.999999821, -0.000000000, -0.999999940, -0.000000000, -0.000000250),
        ["fov"] = 60
    },
    {
        ["cframe"] = CFrame.new(61991.226562500, 0.037223577, 0.954655528, -0.000000250, 0.000000000, 0.999999940, -0.000000000, 0.999999821, -0.000000000, -0.999999940, -0.000000000, -0.000000250),
        ["fov"] = 60
    },
    {
        ["cframe"] = CFrame.new(61991.226562500, 0.037223577, 0.944008112, -0.000000250, 0.000000000, 0.999999940, -0.000000000, 0.999999821, -0.000000000, -0.999999940, -0.000000000, -0.000000250),
        ["fov"] = 60
    },
    {
        ["cframe"] = CFrame.new(61991.226562500, 0.037223577, 0.934691668, -0.000000250, 0.000000000, 0.999999940, -0.000000000, 0.999999821, -0.000000000, -0.999999940, -0.000000000, -0.000000250),
        ["fov"] = 60
    },
    {
        ["cframe"] = CFrame.new(61991.226562500, 0.037223577, 0.924044251, -0.000000250, 0.000000000, 0.999999940, -0.000000000, 0.999999821, -0.000000000, -0.999999940, -0.000000000, -0.000000250),
        ["fov"] = 60
    },
    {
        ["cframe"] = CFrame.new(61991.230468750, 0.037223577, 0.912065923, -0.000000250, 0.000000000, 0.999999940, -0.000000000, 0.999999821, -0.000000000, -0.999999940, -0.000000000, -0.000000250),
        ["fov"] = 60
    },
    {
        ["cframe"] = CFrame.new(61991.230468750, 0.037223577, 0.901418507, -0.000000250, 0.000000000, 0.999999940, -0.000000000, 0.999999821, -0.000000000, -0.999999940, -0.000000000, -0.000000250),
        ["fov"] = 60
    },
    {
        ["cframe"] = CFrame.new(61991.230468750, 0.037223577, 0.888109386, -0.000000250, 0.000000000, 0.999999940, -0.000000000, 0.999999821, -0.000000000, -0.999999940, -0.000000000, -0.000000250),
        ["fov"] = 60
    },
    {
        ["cframe"] = CFrame.new(61991.230468750, 0.037223577, 0.878792882, -0.000000250, 0.000000000, 0.999999940, -0.000000000, 0.999999821, -0.000000000, -0.999999940, -0.000000000, -0.000000250),
        ["fov"] = 60
    },
    {
        ["cframe"] = CFrame.new(61991.230468750, 0.037223577, 0.866814613, -0.000000250, 0.000000000, 0.999999940, -0.000000000, 0.999999821, -0.000000000, -0.999999940, -0.000000000, -0.000000250),
        ["fov"] = 60
    },
    {
        ["cframe"] = CFrame.new(61991.230468750, 0.037223577, 0.857498109, -0.000000250, 0.000000000, 0.999999940, -0.000000000, 0.999999821, -0.000000000, -0.999999940, -0.000000000, -0.000000250),
        ["fov"] = 60
    },
    {
        ["cframe"] = CFrame.new(61991.230468750, 0.037223577, 0.848181725, -0.000000250, 0.000000000, 0.999999940, -0.000000000, 0.999999821, -0.000000000, -0.999999940, -0.000000000, -0.000000250),
        ["fov"] = 60
    },
    {
        ["cframe"] = CFrame.new(61991.230468750, 0.037223577, 0.840196013, -0.000000250, 0.000000000, 0.999999940, -0.000000000, 0.999999821, -0.000000000, -0.999999940, -0.000000000, -0.000000250),
        ["fov"] = 60
    },
    {
        ["cframe"] = CFrame.new(61991.230468750, 0.037223577, 0.830879509, -0.000000250, 0.000000000, 0.999999940, -0.000000000, 0.999999821, -0.000000000, -0.999999940, -0.000000000, -0.000000250),
        ["fov"] = 60
    },
    {
        ["cframe"] = CFrame.new(61991.234375000, 0.037223577, 0.822893918, -0.000000250, 0.000000000, 0.999999940, -0.000000000, 0.999999821, -0.000000000, -0.999999940, -0.000000000, -0.000000250),
        ["fov"] = 60
    },
    {
        ["cframe"] = CFrame.new(61991.234375000, 0.037223577, 0.813577473, -0.000000250, 0.000000000, 0.999999940, -0.000000000, 0.999999821, -0.000000000, -0.999999940, -0.000000000, -0.000000250),
        ["fov"] = 60
    },
    {
        ["cframe"] = CFrame.new(61991.234375000, 0.037223577, 0.805591881, -0.000000250, 0.000000000, 0.999999940, -0.000000000, 0.999999821, -0.000000000, -0.999999940, -0.000000000, -0.000000250),
        ["fov"] = 60
    },
    {
        ["cframe"] = CFrame.new(61991.234375000, 0.037223577, 0.796275377, -0.000000250, 0.000000000, 0.999999940, -0.000000000, 0.999999821, -0.000000000, -0.999999940, -0.000000000, -0.000000250),
        ["fov"] = 60
    },
    {
        ["cframe"] = CFrame.new(61991.234375000, 0.037223577, 0.788289845, -0.000000250, 0.000000000, 0.999999940, -0.000000000, 0.999999821, -0.000000000, -0.999999940, -0.000000000, -0.000000250),
        ["fov"] = 60
    },
    {
        ["cframe"] = CFrame.new(61991.234375000, 0.037223577, 0.780304253, -0.000000250, 0.000000000, 0.999999940, -0.000000000, 0.999999821, -0.000000000, -0.999999940, -0.000000000, -0.000000250),
        ["fov"] = 60
    },
    {
        ["cframe"] = CFrame.new(61991.234375000, 0.037223577, 0.772318661, -0.000000250, 0.000000000, 0.999999940, -0.000000000, 0.999999821, -0.000000000, -0.999999940, -0.000000000, -0.000000250),
        ["fov"] = 60
    },
    {
        ["cframe"] = CFrame.new(61991.234375000, 0.037223577, 0.763002098, -0.000000250, 0.000000000, 0.999999940, -0.000000000, 0.999999821, -0.000000000, -0.999999940, -0.000000000, -0.000000250),
        ["fov"] = 60
    },
    {
        ["cframe"] = CFrame.new(61991.234375000, 0.037223577, 0.753685594, -0.000000250, 0.000000000, 0.999999940, -0.000000000, 0.999999821, -0.000000000, -0.999999940, -0.000000000, -0.000000250),
        ["fov"] = 60
    },
    {
        ["cframe"] = CFrame.new(61991.234375000, 0.037223577, 0.745700061, -0.000000250, 0.000000000, 0.999999940, -0.000000000, 0.999999821, -0.000000000, -0.999999940, -0.000000000, -0.000000250),
        ["fov"] = 60
    },
    {
        ["cframe"] = CFrame.new(61991.234375000, 0.037223577, 0.737714469, -0.000000250, 0.000000000, 0.999999940, -0.000000000, 0.999999821, -0.000000000, -0.999999940, -0.000000000, -0.000000250),
        ["fov"] = 60
    },
    {
        ["cframe"] = CFrame.new(61991.238281250, 0.037223577, 0.729728997, -0.000000250, 0.000000000, 0.999999940, -0.000000000, 0.999999821, -0.000000000, -0.999999940, -0.000000000, -0.000000250),
        ["fov"] = 60
    },
    {
        ["cframe"] = CFrame.new(61991.238281250, 0.037223577, 0.719081581, -0.000000250, 0.000000000, 0.999999940, -0.000000000, 0.999999821, -0.000000000, -0.999999940, -0.000000000, -0.000000250),
        ["fov"] = 60
    },
    {
        ["cframe"] = CFrame.new(61991.238281250, 0.037223577, 0.711095989, -0.000000250, 0.000000000, 0.999999940, -0.000000000, 0.999999821, -0.000000000, -0.999999940, -0.000000000, -0.000000250),
        ["fov"] = 60
    },
    {
        ["cframe"] = CFrame.new(61991.238281250, 0.037223577, 0.701779425, -0.000000250, 0.000000000, 0.999999940, -0.000000000, 0.999999821, -0.000000000, -0.999999940, -0.000000000, -0.000000250),
        ["fov"] = 60
    },
    {
        ["cframe"] = CFrame.new(61991.238281250, 0.037223577, 0.693793893, -0.000000250, 0.000000000, 0.999999940, -0.000000000, 0.999999821, -0.000000000, -0.999999940, -0.000000000, -0.000000250),
        ["fov"] = 60
    },
    {
        ["cframe"] = CFrame.new(61991.238281250, 0.037223577, 0.684477389, -0.000000250, 0.000000000, 0.999999940, -0.000000000, 0.999999821, -0.000000000, -0.999999940, -0.000000000, -0.000000250),
        ["fov"] = 60
    },
    {
        ["cframe"] = CFrame.new(61991.238281250, 0.037223577, 0.673829973, -0.000000250, 0.000000000, 0.999999940, -0.000000000, 0.999999821, -0.000000000, -0.999999940, -0.000000000, -0.000000250),
        ["fov"] = 60
    },
    {
        ["cframe"] = CFrame.new(61991.238281250, 0.037223577, 0.667175353, -0.000000250, 0.000000000, 0.999999940, -0.000000000, 0.999999821, -0.000000000, -0.999999940, -0.000000000, -0.000000250),
        ["fov"] = 60
    },
    {
        ["cframe"] = CFrame.new(61991.238281250, 0.037223577, 0.659189701, -0.000000250, 0.000000000, 0.999999940, -0.000000000, 0.999999821, -0.000000000, -0.999999940, -0.000000000, -0.000000250),
        ["fov"] = 60
    },
    {
        ["cframe"] = CFrame.new(61991.238281250, 0.037223577, 0.648542345, -0.000000250, 0.000000000, 0.999999940, -0.000000000, 0.999999821, -0.000000000, -0.999999940, -0.000000000, -0.000000250),
        ["fov"] = 60
    },
    {
        ["cframe"] = CFrame.new(61991.238281250, 0.037223577, 0.639225900, -0.000000250, 0.000000000, 0.999999940, -0.000000000, 0.999999821, -0.000000000, -0.999999940, -0.000000000, -0.000000250),
        ["fov"] = 60
    },
    {
        ["cframe"] = CFrame.new(61991.242187500, 0.037223577, 0.629909456, -0.000000250, 0.000000000, 0.999999940, -0.000000000, 0.999999821, -0.000000000, -0.999999940, -0.000000000, -0.000000250),
        ["fov"] = 60
    },
    {
        ["cframe"] = CFrame.new(61991.242187500, 0.037223577, 0.621923804, -0.000000250, 0.000000000, 0.999999940, -0.000000000, 0.999999821, -0.000000000, -0.999999940, -0.000000000, -0.000000250),
        ["fov"] = 60
    },
    {
        ["cframe"] = CFrame.new(61991.242187500, 0.037223577, 0.613938153, -0.000000250, 0.000000000, 0.999999940, -0.000000000, 0.999999821, -0.000000000, -0.999999940, -0.000000000, -0.000000250),
        ["fov"] = 60
    },
    {
        ["cframe"] = CFrame.new(61991.242187500, 0.037223577, 0.604621708, -0.000000250, 0.000000000, 0.999999940, -0.000000000, 0.999999821, -0.000000000, -0.999999940, -0.000000000, -0.000000250),
        ["fov"] = 60
    },
    {
        ["cframe"] = CFrame.new(61991.242187500, 0.037223577, 0.596636176, -0.000000250, 0.000000000, 0.999999940, -0.000000000, 0.999999821, -0.000000000, -0.999999940, -0.000000000, -0.000000250),
        ["fov"] = 60
    },
    {
        ["cframe"] = CFrame.new(61991.242187500, 0.037223577, 0.589981496, -0.000000250, 0.000000000, 0.999999940, -0.000000000, 0.999999821, -0.000000000, -0.999999940, -0.000000000, -0.000000250),
        ["fov"] = 60
    },
    {
        ["cframe"] = CFrame.new(61991.242187500, 0.037223577, 0.581995785, -0.000000250, 0.000000000, 0.999999940, -0.000000000, 0.999999821, -0.000000000, -0.999999940, -0.000000000, -0.000000250),
        ["fov"] = 60
    },
    {
        ["cframe"] = CFrame.new(61991.242187500, 0.037223577, 0.575341225, -0.000000250, 0.000000000, 0.999999940, -0.000000000, 0.999999821, -0.000000000, -0.999999940, -0.000000000, -0.000000250),
        ["fov"] = 60
    },
    {
        ["cframe"] = CFrame.new(61984.312500000, -1.841459751, -2.350341320, -0.927013636, -0.001662740, 0.375024050, -0.001659349, 0.999998868, 0.000331977, -0.375024050, -0.000314548, -0.927015066),
        ["fov"] = 60
    },
    {
        ["cframe"] = CFrame.new(61981.968750000, -2.465874434, -3.402651310, -0.999919951, -0.006850108, -0.010634836, -0.006852946, 0.999976695, 0.000230422, 0.010633007, 0.000303283, -0.999943376),
        ["fov"] = 60
    },
    {
        ["cframe"] = CFrame.new(61981.964843750, -2.462286949, -3.522852659, -0.999840736, -0.014134666, -0.010898973, -0.014145557, 0.999899566, 0.000922831, 0.010884834, 0.001076856, -0.999940217),
        ["fov"] = 60
    },
    {
        ["cframe"] = CFrame.new(61981.964843750, -2.456699848, -3.611154795, -0.999679446, -0.022672227, -0.011270205, -0.022696035, 0.999740422, 0.001989231, 0.011222178, 0.002244383, -0.999934494),
        ["fov"] = 60
    },
    {
        ["cframe"] = CFrame.new(61981.964843750, -2.449697495, -3.672601938, -0.999419928, -0.031993929, -0.011673010, -0.032034691, 0.999480963, 0.003321726, 0.011560679, 0.003693741, -0.999926388),
        ["fov"] = 60
    },
    {
        ["cframe"] = CFrame.new(61981.964843750, -2.441910267, -3.712617874, -0.999062061, -0.041595593, -0.012032331, -0.041655906, 0.999120355, 0.004806153, 0.011821833, 0.005302863, -0.999916077),
        ["fov"] = 60
    },
    {
        ["cframe"] = CFrame.new(61981.960937500, -2.433925152, -3.736249208, -0.998622775, -0.051010445, -0.012269706, -0.051090911, 0.998673975, 0.006336177, 0.011930224, 0.006954321, -0.999904633),
        ["fov"] = 60
    },
    {
        ["cframe"] = CFrame.new(61981.960937500, -2.426370621, -3.748921871, -0.998138368, -0.059737287, -0.012300256, -0.059835777, 0.998178005, 0.007800911, 0.011811837, 0.008522384, -0.999893963),
        ["fov"] = 60
    },
    {
        ["cframe"] = CFrame.new(61981.960937500, -2.419827461, -3.755676985, -0.997659445, -0.067312971, -0.012027837, -0.067424268, 0.997683108, 0.009099633, 0.011387445, 0.009889301, -0.999886274),
        ["fov"] = 60
    },
    {
        ["cframe"] = CFrame.new(61981.960937500, -2.414344549, -3.763344765, -0.997194648, -0.074007444, -0.011213766, -0.074122898, 0.997196496, 0.010255699, 0.010423329, 0.011058126, -0.999884546),
        ["fov"] = 60
    },
    {
        ["cframe"] = CFrame.new(61981.960937500, -2.412261963, -3.772767067, -0.996973991, -0.077059001, -0.010240153, -0.077168509, 0.996960282, 0.010766995, 0.009379328, 0.011524631, -0.999889612),
        ["fov"] = 60
    },
    {
        ["cframe"] = CFrame.new(61981.960937500, -2.412053347, -3.788586378, -0.996882737, -0.078396142, -0.008879221, -0.078491539, 0.996854305, 0.010959633, 0.007992099, 0.011622411, -0.999900520),
        ["fov"] = 60
    },
    {
        ["cframe"] = CFrame.new(61981.960937500, -2.415266752, -3.822443008, -0.997016430, -0.076906763, -0.006602429, -0.076973818, 0.996977150, 0.010587032, 0.005768255, 0.011063660, -0.999922156),
        ["fov"] = 60
    },
    {
        ["cframe"] = CFrame.new(61981.960937500, -2.420727730, -3.864301443, -0.997307003, -0.073219709, -0.004193360, -0.073257737, 0.997265041, 0.009776507, 0.003466059, 0.010057376, -0.999943435),
        ["fov"] = 60
    },
    {
        ["cframe"] = CFrame.new(61981.964843750, -2.431487799, -3.937059402, -0.997876406, -0.065133043, -0.000557907, -0.065135427, 0.997844160, 0.008032406, 0.000033529, 0.008051688, -0.999967575),
        ["fov"] = 60
    },
    {
        ["cframe"] = CFrame.new(61981.964843750, -2.468771935, -4.174602509, -0.999332666, -0.035306063, 0.009363810, -0.035293270, 0.999375582, 0.001527943, -0.009411911, 0.001196444, -0.999954939),
        ["fov"] = 60
    },
    {
        ["cframe"] = CFrame.new(61981.964843750, -2.481290817, -4.254379272, -0.999612153, -0.024973784, 0.012326040, -0.024985358, 0.999687672, -0.000785786, -0.012302564, -0.001093452, -0.999923766),
        ["fov"] = 60
    },
    {
        ["cframe"] = CFrame.new(61981.964843750, -2.502274990, -4.402068615, -0.999827862, -0.005752461, 0.017639142, -0.005845277, 0.999969721, -0.005214929, -0.017608602, -0.005317138, -0.999830782),
        ["fov"] = 60
    },
    {
        ["cframe"] = CFrame.new(61981.968750000, -2.526120663, -4.641448975, -0.999342442, 0.025322434, 0.025950298, 0.024995571, 0.999605060, -0.012843703, -0.026265282, -0.012186616, -0.999580741),
        ["fov"] = 60
    },
    {
        ["cframe"] = CFrame.new(61981.968750000, -2.529054165, -4.774675846, -0.998633623, 0.042365063, 0.030594656, 0.041845340, 0.998972118, -0.017432574, -0.031301741, -0.016128510, -0.999379814),
        ["fov"] = 60
    },
    {
        ["cframe"] = CFrame.new(61981.968750000, -2.522315741, -4.923784256, -0.997474074, 0.061349310, 0.035801589, 0.060555317, 0.997903466, -0.022856796, -0.037128769, -0.020631086, -0.999097466),
        ["fov"] = 60
    },
    {
        ["cframe"] = CFrame.new(61981.972656250, -2.509472370, -5.023502350, -0.996425867, 0.074970223, 0.038922343, 0.073979385, 0.996913195, -0.026303863, -0.040774185, -0.023330400, -0.998895943),
        ["fov"] = 60
    },
    {
        ["cframe"] = CFrame.new(61981.972656250, -2.494199276, -5.075173855, -0.995601177, 0.084993891, 0.039425436, 0.083966754, 0.996101975, -0.027018119, -0.041568141, -0.023588844, -0.998857141),
        ["fov"] = 60
    },
    {
        ["cframe"] = CFrame.new(61981.968750000, -2.483570814, -5.103388309, -0.995024383, 0.091503359, 0.039415382, 0.090478979, 0.995531321, -0.027036695, -0.041713193, -0.023335906, -0.998857081),
        ["fov"] = 60
    },
    {
        ["cframe"] = CFrame.new(61981.968750000, -2.474209785, -5.126529694, -0.994488239, 0.097160906, 0.039406780, 0.096143365, 0.995002389, -0.026947480, -0.041828092, -0.023010252, -0.998859823),
        ["fov"] = 60
    },
    {
        ["cframe"] = CFrame.new(61981.968750000, -2.467539310, -5.141724110, -0.994092047, 0.101136103, 0.039401285, 0.100127175, 0.994613826, -0.026794450, -0.041898951, -0.022691011, -0.998864114),
        ["fov"] = 60
    },
    {
        ["cframe"] = CFrame.new(61981.968750000, -2.462369442, -5.152902126, -0.993776798, 0.104188144, 0.039400779, 0.103188977, 0.994305849, -0.026600482, -0.041947886, -0.022369217, -0.998869359),
        ["fov"] = 60
    },
    {
        ["cframe"] = CFrame.new(61981.968750000, -2.460429907, -5.157701492, -0.993653536, 0.105355829, 0.039405383, 0.104360566, 0.994185925, -0.026520152, -0.041970327, -0.022239475, -0.998871267),
        ["fov"] = 60
    },
    {
        ["cframe"] = CFrame.new(61981.964843750, -2.459594965, -5.162196159, -0.993589580, 0.105954714, 0.039411895, 0.104958512, 0.994122267, -0.026546506, -0.041992970, -0.022239719, -0.998870373),
        ["fov"] = 60
    },
    {
        ["cframe"] = CFrame.new(61981.964843750, -2.459803343, -5.167829514, -0.993576169, 0.106076442, 0.039422475, 0.105071284, 0.994105101, -0.026755372, -0.042028181, -0.022441331, -0.998864353),
        ["fov"] = 60
    },
    {
        ["cframe"] = CFrame.new(61981.964843750, -2.460654974, -5.176752090, -0.993582904, 0.106006719, 0.039440084, 0.104982369, 0.994102001, -0.027200615, -0.042090911, -0.022885554, -0.998851597),
        ["fov"] = 60
    },
    {
        ["cframe"] = CFrame.new(61981.964843750, -2.461899757, -5.192213058, -0.993594110, 0.105895527, 0.039457764, 0.104842030, 0.994097650, -0.027880693, -0.042177323, -0.023565259, -0.998832226),
        ["fov"] = 60
    },
    {
        ["cframe"] = CFrame.new(61981.964843750, -2.462770224, -5.208046913, -0.993601859, 0.105817363, 0.039471686, 0.104742900, 0.994094610, -0.028368009, -0.042240418, -0.024052128, -0.998817921),
        ["fov"] = 60
    },
    {
        ["cframe"] = CFrame.new(61981.964843750, -2.463303566, -5.230644226, -0.993606746, 0.105769366, 0.039476674, 0.104681805, 0.994092464, -0.028674092, -0.042276297, -0.024358282, -0.998808980),
        ["fov"] = 60
    },
    {
        ["cframe"] = CFrame.new(61981.964843750, -2.463068962, -5.254421711, -0.993604839, 0.105789848, 0.039471742, 0.104707472, 0.994093418, -0.028554542, -0.042259362, -0.024238944, -0.998812616),
        ["fov"] = 60
    },
    {
        ["cframe"] = CFrame.new(61981.964843750, -2.461724520, -5.286001205, -0.993592739, 0.105910271, 0.039451476, 0.104859859, 0.994098246, -0.027811147, -0.042164121, -0.023496078, -0.998834372),
        ["fov"] = 60
    },
    {
        ["cframe"] = CFrame.new(61981.964843750, -2.459303379, -5.317673206, -0.993570805, 0.106127381, 0.039420813, 0.105134726, 0.994106114, -0.026459794, -0.041996568, -0.022145184, -0.998872280),
        ["fov"] = 60
    },
    {
        ["cframe"] = CFrame.new(61981.964843750, -2.455731869, -5.352351665, -0.993538558, 0.106446929, 0.039371215, 0.105539463, 0.994114459, -0.024456507, -0.041742809, -0.020143267, -0.998925269),
        ["fov"] = 60
    },
    {
        ["cframe"] = CFrame.new(61981.964843750, -2.450622559, -5.393481255, -0.993492603, 0.106899410, 0.039306480, 0.106112897, 0.994119883, -0.021585386, -0.041382816, -0.017273998, -0.998994052),
        ["fov"] = 60
    },
    {
        ["cframe"] = CFrame.new(61981.968750000, -2.444992065, -5.433343887, -0.993442357, 0.107389152, 0.039240416, 0.106734604, 0.994117022, -0.018417027, -0.040987354, -0.014107944, -0.999060035),
        ["fov"] = 60
    },
    {
        ["cframe"] = CFrame.new(61981.968750000, -2.439418316, -5.469002724, -0.993393660, 0.107859261, 0.039184585, 0.107333936, 0.994105637, -0.015277608, -0.040601447, -0.010970843, -0.999115169),
        ["fov"] = 60
    },
    {
        ["cframe"] = CFrame.new(61981.972656250, -2.435013771, -5.494683266, -0.993356645, 0.108212918, 0.039147783, 0.107788697, 0.994091392, -0.012795687, -0.040301133, -0.008490991, -0.999151528),
        ["fov"] = 60
    },
    {
        ["cframe"] = CFrame.new(61981.980468750, -2.431536198, -5.512474060, -0.993329942, 0.108463868, 0.039131697, 0.108118787, 0.994079053, -0.010835852, -0.040075291, -0.006532704, -0.999175310),
        ["fov"] = 60
    },
    {
        ["cframe"] = CFrame.new(61981.988281250, -2.429101944, -5.521443367, -0.993315995, 0.108586557, 0.039145667, 0.108296417, 0.994073808, -0.009463929, -0.039941330, -0.005161336, -0.999188721),
        ["fov"] = 60
    },
    {
        ["cframe"] = CFrame.new(61982.003906250, -2.321280479, -5.517117023, -0.993290305, 0.108174473, 0.040897511, 0.108304307, 0.994117379, 0.000965829, -0.040552445, 0.005388725, -0.999162853),
        ["fov"] = 60
    },
    {
        ["cframe"] = CFrame.new(61982.058593750, -1.774498820, -5.492392540, -0.993128061, 0.105759270, 0.050116461, 0.108400717, 0.992677450, 0.053294439, -0.044113111, 0.058360863, -0.997320414),
        ["fov"] = 60
    },
    {
        ["cframe"] = CFrame.new(61981.867187500, 1.988497257, -6.547008038, -0.995358050, 0.093195684, -0.024020342, 0.039005131, 0.618804097, 0.784576535, 0.087983027, 0.779997587, -0.619566679),
        ["fov"] = 55
    },
    {
